"RH_CT_Int_Ctrl1" "RH_CT_Int_Ctrl2" "RH_CT_Int_Ctrl3" "RH_CT_Int_Ctrl4" "RH_CT_Int_BM1" "RH_CT_Int_BM2" "RH_CT_Int_BM3" "RH_CT_Int_BM4" "RH_CT_Ext_Ctrl1" "RH_CT_Ext_Ctrl2" "RH_CT_Ext_Ctrl3" "RH_CT_Ext_Ctrl4" "RH_CT_Ext_BM1" "RH_CT_Ext_BM2" "RH_CT_Ext_BM3" "RH_CT_Ext_BM4"
"SH0879294.09FU" 0 0 0 0 0 0 0 7 0 0 0 0 0 0 0 0
"SH0880726.09FU" 0 0 1 0 0 0 0 0 0 0 0 0 1 0 4 0
"SH0880805.09FU" 0 0 1 0 0 0 0 0 0 0 0 0 0 0 0 0
"SH0881442.09FU" 0 0 0 0 0 8 0 0 0 0 0 9 0 0 7 0
"SH0881482.09FU" 0 0 0 0 0 0 0 0 0 0 0 0 2 0 0 0
"SH0881501.09FU" 80 148 60 107 85 66 87 83 77 83 50 70 40 74 88 65
"SH0881584.09FU" 29 8 68 114 13 23 5 63 121 175 157 105 4 27 83 62
"SH0881631.09FU" 2 45 5 14 0 0 1 0 0 0 0 0 0 0 0 0
"SH0881646.09FU" 0 0 1 1 0 1 0 0 0 0 0 0 0 0 0 0
"SH0881816.09FU" 1 1 3 8 1 1 13 3 10 18 37 9 2 1 3 2
"SH0881819.09FU" 0 0 0 0 0 0 0 0 0 0 0 0 0 0 1 0
"SH0881853.09FU" 0 0 0 0 1 0 0 0 1 0 0 0 0 0 0 0
"SH0881877.09FU" 0 0 6 0 49 41 72 65 23 11 7 3 34 29 56 40
"SH0882085.09FU" 0 0 0 0 0 0 0 0 0 0 0 0 0 0 10 0
"SH0882333.09FU" 220 558 378 232 148 119 69 198 1011 390 437 783 116 163 72 190
"SH0882339.09FU" 0 0 0 0 0 0 0 0 0 0 0 2 0 0 0 0
"SH0882688.09FU" 6 21 57 22 40 1 1 4 2 1 12 0 1 1 0 0
"SH0883398.09FU" 0 4 0 0 0 0 4 0 1 0 0 0 1 0 0 0
"SH0884046.09FU" 0 0 0 0 0 0 0 0 0 0 0 0 0 1 0 6
"SH0884215.09FU" 0 1 0 1 0 0 0 1 1 0 1 2 0 0 0 0
"SH0884516.09FU" 1 13 2 0 5 3 3 3 0 0 0 0 5 6 3 6
"SH0884798.09FU" 0 0 0 0 0 0 0 0 0 0 0 0 0 0 2 0
"SH0885124.09FU" 0 1 0 39 0 6 0 5 13 0 0 7 0 10 12 22
"SH0885285.09FU" 0 0 1 5 58 23 22 17 1 0 0 12 4 15 4 4
"SH0885316.09FU" 0 1 5 0 1 0 0 0 2 0 22 5 0 1 0 0
"SH0885372.09FU" 6 78 74 3 21 10 21 23 25 35 57 281 2 1 36 99
"SH0885388.09FU" 0 0 0 0 0 15 15 0 0 0 0 0 0 0 0 0
"SH0885402.09FU" 0 1 0 0 0 1 0 0 13 58 6 0 0 1 0 0
"SH0885412.09FU" 1 4 0 0 0 0 0 0 12 2 0 0 0 0 0 0
"SH0885414.09FU" 0 1 4 0 19 12 0 18 11 1 2 5 111 26 10 25
"SH0885420.09FU" 2 1 0 1 3 0 0 7 2 0 1 12 0 3 14 6
"SH0885427.09FU" 0 0 0 0 0 0 0 0 0 0 0 1 0 0 0 0
"SH0885442.09FU" 510 636 262 478 494 368 421 363 720 635 697 725 191 146 179 246
"SH0885471.09FU" 0 0 3 0 7 0 0 0 0 0 0 0 0 0 3 0
"SH0885515.09FU" 0 0 0 7 14 30 0 0 0 16 0 0 1 0 2 2
"SH0885516.09FU" 0 0 0 0 0 0 5 0 0 0 0 0 0 0 0 0
"SH0885523.09FU" 0 0 0 1 0 0 0 0 0 0 1 0 0 0 0 0
"SH0885543.09FU" 0 0 0 0 0 0 0 0 0 0 0 0 0 1 0 0
"SH0886099.09FU" 0 0 0 0 0 0 0 0 0 0 0 0 6 0 0 0
"SH0886369.09FU" 4 0 0 0 1 0 0 0 908 0 2 4 2 0 0 0
"SH0886550.09FU" 0 5 0 0 13 0 0 1 0 3 0 0 0 0 0 0
"SH0886553.09FU" 6 8 8 5 19 3 5 7 8 2 17 1 10 14 62 9
"SH0886909.09FU" 0 0 0 0 0 0 8 0 0 0 0 0 1 3 32 27
"SH0886984.09FU" 0 0 0 0 0 0 22 0 0 0 9 0 4 0 0 3
"SH0886991.09FU" 0 0 0 0 0 0 0 2 0 0 0 0 0 0 0 0
"SH0886998.09FU" 0 0 0 0 0 0 0 0 0 0 0 0 0 0 17 19
"SH0887346.09FU" 4 10 0 24 10 12 19 1 25 2 23 46 13 2 25 8
"SH0887357.09FU" 0 0 0 0 0 0 31 0 0 4 0 0 0 0 7 3
"SH0887509.09FU" 0 0 0 0 0 0 0 0 0 0 0 0 0 0 1 0
"SH0888026.09FU" 1388 1199 1796 4546 1937 1184 4960 5527 5767 5176 14446 5318 1039 1183 2491 3330
"SH0888050.09FU" 0 0 0 0 0 0 0 0 0 0 0 1 1 0 0 0
"SH0888087.09FU" 0 0 17 0 0 0 0 17 9 52 13 99 2 0 0 0
"SH0888264.09FU" 0 0 0 0 0 0 0 0 8 1 1 0 0 0 0 0
"SH0888271.09FU" 0 0 0 0 0 0 0 0 0 0 0 0 3 0 0 0
"SH0888293.09FU" 0 0 0 0 0 3 0 0 0 0 0 0 2 0 0 3
"SH0888302.09FU" 0 0 0 0 0 0 0 0 0 0 0 0 3 0 0 0
"SH0888304.09FU" 0 0 16 9 0 0 0 0 0 0 3 2 0 3 0 0
"SH0888319.09FU" 0 0 0 0 0 0 0 0 0 0 0 0 0 6 0 0
"SH0888324.09FU" 0 0 0 3 0 0 0 0 0 0 0 0 0 0 0 0
"SH0888333.09FU" 5 0 0 0 0 0 0 0 1 0 0 0 0 0 0 0
"SH0888368.09FU" 0 0 0 0 0 0 0 0 0 0 0 0 0 0 0 3
"SH0888539.09FU" 0 0 0 1 1 0 8 0 0 1 0 0 14 17 12 8
"SH0888561.09FU" 0 19 0 0 13 1 0 0 3 0 0 0 0 0 3 0
"SH0889076.09FU" 4 0 0 0 0 0 0 0 0 0 0 0 0 0 0 0
"SH0889096.09FU" 0 0 0 0 0 10 0 0 0 0 0 0 0 0 0 0
"SH0889400.09FU" 0 0 0 0 0 0 0 0 0 0 0 0 1 0 0 0
"SH0889769.09FU" 0 0 0 0 0 0 7 0 0 0 0 0 0 0 0 0
"SH0889770.09FU" 8 0 11 7 0 0 0 0 0 0 0 0 0 0 0 0
"SH0890856.09FU" 4 0 0 0 8 0 42 0 0 0 0 0 2 1 1 0
"SH0891550.09FU" 0 0 0 0 0 0 0 0 2 0 0 0 0 0 0 0
"SH0891959.09FU" 0 0 0 0 0 0 0 0 0 3 0 0 0 0 2 0
"SH0892035.09FU" 4 0 6 3 40 12 15 29 10 10 19 37 3 9 5 1
"SH0892038.09FU" 0 0 2 0 0 0 3 0 1 2 3 9 0 1 0 0
"SH0892274.09FU" 0 1 1 1 52 15 17 64 0 1 1 1 8 29 104 30
"SH0892287.09FU" 0 0 0 0 5 3 6 47 0 0 0 0 0 12 55 1
"SH0892325.09FU" 0 0 0 0 0 0 0 0 0 1 0 0 0 0 0 0
"SH0892412.09FU" 0 0 0 0 0 0 3 0 0 0 0 0 0 0 3 0
"SH0892425.09FU" 0 0 0 0 16 0 0 0 0 0 2 0 0 0 4 0
"SH0892447.09FU" 0 0 0 0 0 0 0 0 2 3 14 0 0 1 3 0
"SH0892486.09FU" 0 0 0 0 10 0 1 3 4 2 20 2 5 0 3 7
"SH0892501.09FU" 0 0 0 0 0 0 0 25 0 0 0 0 5 0 27 0
"SH0892514.09FU" 0 0 0 0 0 0 9 1 0 0 2 1 2 0 4 0
"SH0892657.09FU" 0 0 0 0 33 0 0 0 0 0 0 0 0 0 0 0
"SH0894119.09FU" 0 0 0 0 0 0 7 0 0 0 0 0 0 0 3 0
"SH0894667.09FU" 160 281 228 245 24 20 113 278 468 1840 920 1195 16 84 88 98
"SH0894773.09FU" 0 0 0 0 0 0 0 0 0 0 0 0 0 0 1 0
"SH0894985.09FU" 0 0 0 0 0 0 0 0 0 0 0 1 0 0 0 0
"SH0894987.09FU" 0 0 0 0 0 0 1 1 0 0 0 0 0 0 0 0
"SH0895028.09FU" 99 45 73 123 105 49 367 600 168 218 196 313 107 92 238 356
"SH0895052.09FU" 4 1 0 2 8 3 7 9 12 11 3 8 2 2 0 7
"SH0895078.09FU" 155 88 81 117 395 125 498 744 556 833 397 636 138 140 251 445
"SH0895099.09FU" 0 0 0 0 0 0 0 0 1 0 0 0 0 0 0 0
"SH0895138.09FU" 0 0 0 0 0 0 0 0 0 0 0 0 0 0 0 6
"SH0895922.09FU" 0 0 1 0 0 0 11 0 0 0 13 0 0 0 0 0
"SH0896090.09FU" 0 0 0 0 0 0 0 0 0 0 0 0 0 0 4 3
"SH0896910.09FU" 0 0 0 0 0 0 0 0 0 2 0 0 0 0 0 0
"SH0896937.09FU" 0 0 0 0 0 0 0 0 0 0 0 1 0 0 0 0
"SH0898067.09FU" 0 0 0 0 0 0 0 3 5 0 0 0 0 2 17 0
"SH0898088.09FU" 3 1 13 0 43 9 27 48 38 70 72 127 5 9 35 31
"SH0898373.09FU" 0 0 0 0 17 0 0 0 1 0 0 0 0 0 1 7
"SH0898657.09FU" 0 0 0 10 0 0 0 0 0 0 0 0 0 0 0 0
"SH0898782.09FU" 1 1 3 0 3 10 9 8 0 5 12 0 0 0 64 34
"SH0898958.09FU" 0 0 0 0 0 0 0 0 0 0 0 0 3 5 0 0
"SH0899079.09FU" 1 8 1 3 16 8 6 1 4 4 0 1 5 13 4 24
"SH0900727.09FU" 7 1 4 5 60 20 11 3 5 19 0 7 29 14 8 8
"SH0901290.09FU" 30 7 11 12 54 22 18 33 11 8 13 19 19 7 3 25
"SH0902179.09FU" 4 0 12 0 0 0 0 0 0 0 8 3 0 0 0 0
"SH0902181.09FU" 0 3 0 0 0 0 0 0 0 0 4 0 0 0 0 0
"SH0902182.09FU" 0 0 2 0 0 0 0 0 5 0 0 0 0 0 0 0
"SH0902250.09FU" 0 6 0 0 0 0 0 0 0 1 0 0 0 0 0 0
"SH0902763.09FU" 0 0 0 0 1 1 45 10 0 0 0 4 0 0 1 3
"SH0902929.09FU" 0 3 0 0 6 0 0 1 0 0 0 0 0 0 0 0
"SH0902966.09FU" 0 0 0 2 0 0 0 6 0 0 0 0 0 0 0 6
"SH0902983.09FU" 0 0 0 0 0 0 0 4 0 0 0 0 0 0 0 1
"SH0902990.09FU" 0 0 0 0 0 0 4 0 0 0 0 0 0 0 0 0
"SH0903500.09FU" 6 3 9 20 1 6 4 11 8 8 1 0 2 6 15 7
"SH0903505.09FU" 81 57 18 50 13 15 23 0 16 8 12 3 20 39 34 29
"SH0903506.09FU" 2 0 1 0 0 0 0 0 0 0 0 0 1 0 0 2
"SH0903508.09FU" 0 0 0 0 0 0 0 0 0 0 0 0 0 1 0 0
"SH0903512.09FU" 3 0 8 0 48 27 17 23 0 0 0 0 10 4 23 11
"SH0903514.09FU" 72 55 50 75 43 25 39 20 14 60 34 18 21 18 8 23
"SH0903515.09FU" 0 0 9 0 0 12 6 0 0 1 0 0 12 4 20 1
"SH0903525.09FU" 14 0 22 1 25 0 0 0 7 17 12 11 0 0 6 0
"SH0903958.09FU" 0 0 0 0 0 0 0 0 1 0 0 0 0 0 0 0
"SH0903997.09FU" 1 1 0 0 0 9 10 53 78 126 79 171 10 0 0 4
"SH0904014.09FU" 0 0 0 0 0 0 0 0 0 2 0 4 0 0 0 0
"SH0904015.09FU" 0 0 0 0 0 1 0 5 3 4 13 18 3 0 0 0
"SH0905240.09FU" 5 0 0 1 0 0 0 0 0 0 0 0 0 0 0 0
"SH0905381.09FU" 0 0 0 0 0 9 1 0 0 0 0 0 0 0 0 6
"SH0905493.09FU" 6 0 9 11 221 1 73 89 12 0 0 1 0 0 21 1
"SH0905518.09FU" 0 0 0 0 4 0 0 1 0 0 0 0 0 0 0 0
"SH0905550.09FU" 374 517 258 431 415 185 732 529 177 216 276 472 365 259 250 439
"SH0905751.09FU" 1 0 0 0 16 10 11 0 0 0 1 0 39 1 0 20
"SH0905769.09FU" 0 0 5 0 0 0 0 0 0 0 0 0 0 0 0 0
"SH0905822.09FU" 7 9 0 1 0 13 1 1 12 35 0 1 0 7 0 0
"SH0905823.09FU" 0 0 0 5 0 0 0 0 0 0 0 0 0 0 0 0
"SH0905922.09FU" 0 10 3 4 18 11 42 50 2 5 4 17 18 17 19 30
"SH0905941.09FU" 12 22 3 51 16 14 29 18 5 20 115 8 67 205 19 15
"SH0905953.09FU" 0 1 0 52 0 0 0 0 0 19 0 0 0 0 0 0
"SH0905976.09FU" 0 0 0 1 0 0 3 1 0 0 0 0 2 0 5 0
"SH0905985.09FU" 0 0 0 0 0 0 0 0 0 0 0 0 1 0 0 0
"SH0906010.09FU" 14 20 8 17 70 43 101 150 28 37 15 51 20 59 97 67
"SH0906021.09FU" 0 0 0 0 3 0 0 0 0 0 0 0 0 0 0 0
"SH0906047.09FU" 0 0 0 0 0 0 0 0 0 0 0 0 0 2 0 0
"SH0906589.09FU" 25 766 89 63 375 254 459 1073 1046 602 372 289 202 204 555 283
"SH0906620.09FU" 0 0 0 0 0 0 0 0 0 0 0 0 0 0 0 3
"SH0906670.09FU" 1 25 4 5 50 96 3 103 2 21 1 6 194 1264 288 731
"SH0906750.09FU" 15 49 32 42 1749 2514 1264 1212 28 37 21 36 1956 1168 1628 1636
"SH0907050.09FU" 712 1307 547 503 63 138 56 19 551 498 406 85 126 230 163 458
"SH0907055.09FU" 0 0 0 0 0 6 0 0 0 1 1 0 0 0 0 0
"SH0907094.09FU" 0 0 0 0 0 7 0 0 0 0 0 0 4 0 0 1
"SH0907115.09FU" 3 0 0 0 6 0 0 0 2 0 2 16 0 8 1 0
"SH0907557.09FU" 4 0 0 0 0 12 0 5 21 8 4 13 0 0 0 0
"SH0907564.09FU" 0 0 0 0 7 1 0 0 0 0 0 0 0 0 0 0
"SH0907570.09FU" 0 26 13 4 6 38 1 0 76 20 15 31 1 19 24 16
"SH0907798.09FU" 0 0 0 0 0 0 0 0 0 0 0 0 2 0 0 0
"SH0907869.09FU" 0 0 0 0 0 0 7 0 0 0 0 0 9 7 0 5
"SH0907941.09FU" 0 0 0 0 0 0 0 0 0 0 0 0 0 0 0 3
"SH0907999.09FU" 0 0 0 0 0 0 0 0 0 0 0 0 0 0 0 2
"SH0908008.09FU" 0 0 0 0 0 0 0 0 0 5 1 0 4 0 0 5
"SH0908010.09FU" 0 0 0 0 0 0 0 0 0 0 0 0 0 1 0 0
"SH0908124.09FU" 0 0 0 0 1 0 0 0 0 0 0 0 0 0 0 1
"SH0908617.09FU" 0 0 0 0 9 0 0 11 0 0 0 0 0 0 0 0
"SH0909461.09FU" 17 68 97 113 55 33 208 189 130 350 309 281 24 147 46 157
"SH0909531.09FU" 0 0 1 9 5 0 0 4 0 2 7 2 0 0 0 1
"SH0912146.09FU" 0 0 0 0 0 0 6 0 0 0 0 0 0 0 0 0
"SH0913342.09FU" 78 87 24 18 1316 164 3 34 8 10 27 73 8 7 14 353
"SH0913400.09FU" 0 2 0 1 1 10 0 0 0 158 2 2 3 1 0 0
"SH0913426.09FU" 0 0 0 0 0 0 0 0 0 4 0 2 0 0 0 0
"SH0913454.09FU" 0 18 14 7 9 10 0 1 0 2 9 28 0 4 0 12
"SH0913462.09FU" 0 0 0 0 52 141 5 19 0 1 2 168 7 3 0 0
"SH0914436.09FU" 0 0 0 0 0 0 0 0 11 0 0 1 0 0 0 3
"SH0916138.09FU" 5 0 6 0 0 0 9 0 0 2 9 6 1 0 0 0
"SH0916176.09FU" 0 0 0 0 0 0 0 0 0 4 0 1 9 0 0 5
"SH0916178.09FU" 5 0 0 0 0 0 0 0 0 7 3 0 1 0 7 6
"SH0916181.09FU" 2 1 0 15 0 0 30 8 15 38 5 4 6 0 8 14
"SH0916223.09FU" 0 0 0 0 82 4 12 9 0 0 0 0 0 0 9 0
"SH0916807.09FU" 4 0 2 15 0 0 0 0 6 0 7 8 0 0 0 4
"SH0917704.09FU" 0 0 0 0 0 0 0 0 4 0 0 0 0 0 0 0
"SH0918370.09FU" 0 0 0 0 7 0 0 0 0 0 0 0 0 0 0 0
"SH0918734.09FU" 0 0 0 0 0 0 0 0 0 0 0 6 0 0 7 0
"SH0918839.09FU" 6 0 30 22 29 33 38 63 28 30 4 18 8 15 21 45
"SH0918853.09FU" 0 0 0 0 0 0 0 0 0 0 0 0 3 0 0 0
"SH0918892.09FU" 0 0 0 0 0 0 0 0 0 0 0 0 0 0 0 2
"SH0919208.09FU" 0 0 0 0 0 0 0 2 0 0 0 0 0 0 0 0
"SH0919365.09FU" 2 0 0 0 2 0 0 0 1 0 0 0 366 10 2 5
"SH0919378.09FU" 0 0 0 10 0 0 18 9 3 0 0 7 0 0 1 0
"SH0919451.09FU" 37 12 97 66 86 28 106 232 71 71 85 170 41 104 114 141
"SH0919473.09FU" 0 0 0 0 1 0 0 0 0 0 0 0 0 0 0 0
"SH0919906.09FU" 0 1 0 0 0 0 0 0 1 2 2 252 0 12 0 0
"SH0920609.09FU" 0 0 0 0 0 0 0 0 0 0 0 0 0 1 0 0
"SH0921791.09FU" 0 0 0 0 0 0 12 0 0 0 0 0 0 0 0 0
"SH0921848.09FU" 2 0 1 0 0 0 0 0 1 0 0 0 0 0 0 0
"SH0921849.09FU" 6 15 30 8 902 1056 252 267 10 13 5 5 82 180 87 184
"SH0921851.09FU" 755 1009 678 958 219 267 383 304 286 626 501 386 149 370 270 165
"SH0921859.09FU" 0 0 0 0 0 0 0 0 0 0 0 0 1 0 0 0
"SH0921865.09FU" 33 102 46 45 590 299 2461 504 104 241 306 45 1325 824 506 531
"SH0921934.09FU" 159 163 232 153 40 82 81 56 89 82 69 80 56 58 65 48
"SH0921943.09FU" 0 0 0 0 0 1 0 0 0 0 0 2 0 0 0 0
"SH0921945.09FU" 0 0 0 0 0 0 0 0 0 0 2 2 0 0 0 5
"SH0922241.09FU" 0 0 4 1 0 0 0 12 0 0 0 4 0 0 14 15
"SH0922248.09FU" 0 0 5 0 0 0 0 8 0 0 0 1 0 3 2 11
"SH0922260.09FU" 0 0 0 0 0 0 8 2 0 0 0 0 5 0 10 0
"SH0922281.09FU" 8 1 1 0 0 0 0 31 0 1 0 0 6 6 13 13
"SH0929080.09FU" 265 509 277 901 133 49 161 126 206 239 204 274 179 86 239 225
"SH0929225.09FU" 0 1 0 0 0 0 0 0 0 0 1 0 0 27 30 6
"SH0929427.09FU" 8 26 9 43 117 103 109 129 3 19 0 6 420 229 548 207
"SH0930229.09FU" 0 0 0 0 18 12 7 0 0 0 0 0 32 37 56 8
"SH0930434.09FU" 0 0 0 0 0 0 0 8 0 1 0 5 16 7 3 1
"SH0931315.09FU" 0 0 0 0 0 0 4 0 0 0 0 0 0 0 0 0
"SH0932004.09FU" 53 75 0 54 3 0 0 1 856 6 14 1 3 0 0 0
"SH0932555.09FU" 0 0 0 0 0 0 0 0 0 0 0 0 0 3 0 0
"SH0932574.09FU" 0 0 5 0 0 0 0 2 3 0 28 0 0 0 9 0
"SH0932593.09FU" 0 0 0 4 0 0 0 0 0 0 0 0 0 0 0 0
"SH0932604.09FU" 6 0 4 0 0 0 0 0 0 0 17 4 8 0 0 0
"SH0932626.09FU" 0 0 0 0 0 0 0 0 0 0 0 0 0 4 0 7
"SH0932875.09FU" 0 1 0 0 0 0 0 0 0 0 0 0 0 0 1 9
"SH0933169.09FU" 0 0 0 0 0 0 0 0 0 0 0 0 0 4 0 0
"SH0933229.09FU" 0 0 0 0 0 0 1 0 0 0 0 0 0 0 0 0
"SH0933250.09FU" 0 0 1 2 2 0 14 17 12 1 1 5 1 6 31 119
"SH0933382.09FU" 38 29 117 27 37 37 59 108 279 253 463 114 38 84 271 297
"SH0933398.09FU" 0 0 0 0 0 0 0 0 0 0 0 0 0 2 0 0
"SH0933531.09FU" 0 0 8 0 0 0 0 0 0 0 0 0 0 0 1 0
"SH0934296.09FU" 0 0 26 11 20 1 16 19 6 3 9 41 3 1 5 6
"SH0935352.09FU" 6 0 0 7 0 10 0 0 0 2 0 0 0 0 0 0
"SH0935923.09FU" 0 0 0 0 0 0 0 0 0 0 0 0 0 0 0 4
"SH0936422.09FU" 2 8 3 7 1 5 26 33 5 16 18 25 0 0 6 15
"SH0936426.09FU" 0 0 0 0 0 0 0 0 0 0 5 0 0 0 0 0
"SH0936428.09FU" 5 6 6 5 0 18 20 10 13 14 19 8 8 2 5 0
"SH0936448.09FU" 15 9 0 57 0 1 1 0 30 10 1 17 1 0 0 12
"SH0936459.09FU" 2 10 0 0 0 0 6 0 0 9 0 0 0 0 0 0
"SH0936463.09FU" 43 61 101 174 37 77 119 178 198 177 181 311 24 72 40 119
"SH0936602.09FU" 0 0 0 0 0 0 0 0 6 1 0 0 0 0 0 0
"SH0936725.09FU" 0 0 0 0 0 0 1 0 0 0 0 0 0 0 0 0
"SH0937075.09FU" 0 0 0 0 0 1 0 0 0 0 8 20 0 0 0 8
"SH0937076.09FU" 7 0 0 9 0 0 1 6 8 0 4 0 0 0 0 0
"SH0938488.09FU" 0 0 2 0 0 0 0 0 0 0 0 0 0 0 0 0
"SH0938587.09FU" 1 2 7 0 1 2 0 0 1 0 40 2 0 1 0 0
"SH0938719.09FU" 1 2 0 0 78 3 11 0 0 3 2 0 34 29 39 11
"SH0938810.09FU" 0 0 1 0 4 0 0 0 0 0 0 0 1 4 4 0
"SH0938863.09FU" 92 64 187 35 213 330 87 24 150 45 62 8 165 76 36 25
"SH0938878.09FU" 0 0 0 0 0 0 0 0 0 0 0 0 1 1 1 0
"SH0938910.09FU" 0 0 0 0 1 0 0 0 0 0 0 0 0 0 1 1
"SH0940239.09FU" 1 0 54 60 0 0 21 97 0 0 0 0 0 0 5 0
"SH0941075.09FU" 51 130 130 189 633 341 237 478 204 379 186 459 63 48 93 109
"SH0941164.09FU" 109 163 338 410 1060 1098 340 917 357 112 736 257 266 477 278 192
"SH0941165.09FU" 7 6 18 10 18 4 6 1 20 67 50 69 2 17 5 15
"SH0941168.09FU" 2 0 1 0 20 0 15 0 0 0 7 0 0 6 0 2
"SH0941173.09FU" 1 0 0 0 0 0 0 0 0 0 0 0 0 0 0 0
"SH0941651.09FU" 0 0 2 0 0 0 0 0 0 0 0 0 0 0 4 0
"SH0941667.09FU" 0 5 4 0 7 0 0 0 0 3 5 0 1 0 0 0
"SH0942069.09FU" 32 37 25 6 1 10 3 5 1 26 0 6 3 1 3 0
"SH0942161.09FU" 3 0 0 0 0 0 0 0 0 0 0 0 0 0 0 0
"SH0942591.09FU" 0 0 0 1 0 0 0 0 0 0 0 0 4 0 0 0
"SH0943376.09FU" 0 0 0 19 0 0 0 1 0 0 0 9 0 0 0 1
"SH0943618.09FU" 0 0 0 0 27 0 0 0 49 3 1 7 0 0 0 76
"SH0943624.09FU" 0 0 0 0 0 0 0 24 1 0 0 0 0 0 0 0
"SH0943730.09FU" 2 1 10 24 3 29 7 9 51 2 61 48 14 9 4 39
"SH0944531.09FU" 0 4 0 0 0 0 0 0 0 0 0 0 0 0 0 0
"SH0945041.09FU" 0 0 0 0 0 0 0 0 0 0 0 5 0 0 0 0
"SH0945181.09FU" 68 61 162 265 118 87 46 46 68 83 99 28 36 42 38 38
"SH0945182.09FU" 0 0 0 5 0 3 0 4 5 0 1 0 0 0 0 2
"SH0945233.09FU" 0 0 0 0 0 10 4 7 0 0 0 0 0 0 0 0
"SH0945284.09FU" 0 0 0 0 0 0 0 0 0 0 0 6 0 0 0 0
"SH0945292.09FU" 0 0 0 0 0 0 0 0 0 0 0 1 1 0 6 5
"SH0945328.09FU" 0 0 0 0 0 0 0 0 0 0 0 0 0 0 1 0
"SH0945351.09FU" 7 27 0 11 2 6 53 12 79 111 9 40 4 2 9 5
"SH0945367.09FU" 0 0 0 0 0 0 0 0 0 22 0 0 0 0 0 0
"SH0945414.09FU" 2 2 2 2 11 2 1 16 89 29 62 67 9 9 195 27
"SH0945418.09FU" 0 0 0 0 0 0 0 0 0 0 0 1 0 0 0 14
"SH0945462.09FU" 0 0 0 1 0 0 0 0 0 0 0 0 0 0 0 0
"SH0945505.09FU" 0 0 0 0 0 0 0 3 0 0 0 2 0 0 0 0
"SH0945507.09FU" 0 0 0 0 0 0 0 0 0 0 8 0 5 1 0 0
"SH0946084.09FU" 0 0 0 0 0 0 0 0 0 3 0 0 0 0 0 0
"SH0946114.09FU" 911 2888 929 720 861 645 929 1070 2003 2935 2648 4310 426 487 1291 1337
"SH0946148.09FU" 1 0 0 0 5 1 5 12 17 0 0 0 1 0 3 2
"SH0947669.09FU" 0 0 0 1 0 0 0 0 5 0 0 0 2 0 0 0
"SH0947671.09FU" 0 0 0 0 0 0 0 0 0 0 0 7 0 0 0 0
"SH0947674.09FU" 77 184 71 127 66 119 51 27 41 24 50 26 1154 526 168 135
"SH0948285.09FU" 4 1 0 7 0 35 14 3 0 4 0 24 11 3 5 0
"SH0948422.09FU" 7 0 0 4 0 0 11 5 14 4 0 0 1 21 0 15
"SH0948444.09FU" 0 0 0 0 14 0 0 0 0 0 0 0 0 0 4 0
"SH0948461.09FU" 0 1 0 0 0 0 0 0 0 0 0 0 0 0 0 0
"SH0948481.09FU" 0 0 0 0 0 0 0 2 0 0 0 0 0 0 0 0
"SH0948538.09FU" 0 0 0 0 0 0 0 0 0 0 0 8 0 0 0 0
"SH0948549.09FU" 10 7 25 11 6 23 19 0 0 12 13 4 1 7 14 20
"SH0948756.09FU" 0 0 0 0 6 4 0 1 0 0 0 0 0 5 6 13
"SH0949312.09FU" 0 0 5 0 0 0 0 0 0 0 0 0 0 0 0 0
"SH0949479.09FU" 0 0 0 0 0 0 1 5 2 3 99 1 0 0 3 9
"SH0949522.09FU" 0 0 0 0 0 0 0 0 0 7 0 0 0 0 0 0
"SH0949708.09FU" 108 116 290 131 689 294 870 1066 740 855 858 899 200 239 1043 1064
"SH0949748.09FU" 4 14 33 6 112 51 186 190 9 12 22 15 84 111 290 196
"SH0949757.09FU" 0 3 0 0 0 0 0 0 0 0 0 0 0 0 0 6
"SH0949779.09FU" 0 0 0 0 0 0 0 7 0 0 0 0 0 0 0 0
"SH0950350.09FU" 0 0 1 0 0 3 0 2 1 2 4 0 3 3 0 18
"SH0950575.09FU" 0 0 0 0 0 0 0 59 0 0 0 0 1 0 0 195
"SH0950728.09FU" 5 0 6 4 0 0 0 0 0 0 0 0 0 0 0 0
"SH0950729.09FU" 0 0 0 0 0 0 0 0 0 2 0 0 0 0 0 0
"SH0950730.09FU" 2 0 0 0 10 1 7 0 0 6 0 0 0 0 0 0
"SH0950832.09FU" 0 0 0 0 0 0 0 1 0 0 0 0 0 0 0 0
"SH0950896.09FU" 0 0 0 0 0 0 0 0 0 0 0 0 0 4 0 0
"SH0951410.09FU" 0 0 0 0 0 1 0 0 0 0 0 0 0 0 0 0
"SH0952862.09FU" 0 6 6 0 0 0 0 0 0 0 0 1 0 5 0 0
"SH0953475.09FU" 0 0 0 4 0 0 0 0 0 0 0 0 0 0 0 0
"SH0953482.09FU" 64 124 200 85 256 91 463 359 400 765 777 817 73 56 408 419
"SH0953614.09FU" 1 0 9 7 24 3 28 8 71 60 81 97 0 6 15 28
"SH0953723.09FU" 0 0 0 0 7 0 9 3 0 1 9 0 0 0 0 7
"SH0954175.09FU" 0 0 0 0 0 0 0 0 0 0 0 0 0 4 0 0
"SH0954675.09FU" 0 0 0 0 0 0 0 0 0 5 0 0 0 0 0 0
"SH0954678.09FU" 0 0 1 0 8 1 12 5 0 0 0 0 4 0 1 18
"SH0954689.09FU" 0 0 0 10 0 0 0 5 0 0 0 6 9 0 0 4
"SH0955218.09FU" 95 12 47 37 96 120 56 55 608 163 147 333 39 93 80 52
"SH0955962.09FU" 0 0 0 0 0 0 0 0 0 0 0 0 1 0 0 4
"SH0955986.09FU" 0 0 0 0 0 3 0 0 0 0 0 0 0 0 4 0
"SH0955993.09FU" 0 0 2 0 1 0 0 0 0 5 0 5 0 6 2 2
"SH0955999.09FU" 0 0 0 0 0 0 0 0 0 0 0 0 2 0 0 1
"SH0956001.09FU" 1 0 5 1 0 0 0 2 0 3 16 13 0 0 18 0
"SH0956011.09FU" 0 0 0 0 0 0 0 5 0 1 0 14 0 0 0 0
"SH0956015.09FU" 0 0 0 0 0 0 0 3 0 0 0 0 2 2 5 4
"SH0956026.09FU" 0 0 0 0 0 0 0 0 0 0 6 0 0 0 6 0
"SH0956104.09FU" 0 0 0 0 0 0 0 3 0 0 0 0 0 0 0 0
"SH0956210.09FU" 0 1 0 13 0 0 0 0 0 46 0 0 0 0 0 0
"SH0956326.09FU" 0 1 0 0 0 0 0 0 0 0 0 0 0 0 0 0
"SH0956329.09FU" 0 0 0 0 13 0 0 0 0 0 0 0 0 0 0 0
"SH0956470.09FU" 49 50 10 44 47 20 8 41 47 7 18 40 46 69 23 39
"SH0956570.09FU" 39 79 85 162 29 19 37 64 53 101 58 199 29 87 24 14
"SH0956573.09FU" 152 266 163 470 108 65 85 112 234 374 291 342 33 47 76 64
"SH0956600.09FU" 0 0 6 15 0 0 8 0 1 1 0 0 0 0 0 10
"SH0956656.09FU" 0 1 0 1 1 0 0 0 0 0 0 0 0 0 0 0
"SH0956757.09FU" 63 35 114 122 54 17 53 61 189 156 121 224 14 16 7 38
"SH0956786.09FU" 0 0 0 0 0 0 1 0 0 0 0 0 0 0 0 1
"SH0957855.09FU" 13 0 0 0 0 0 0 0 13 13 11 46 1 2 0 5
"SH0958180.09FU" 0 0 0 0 0 0 0 8 0 0 0 2 1 0 0 3
"SH0958192.09FU" 0 0 0 0 0 0 0 0 0 0 0 0 3 6 0 0
"SH0958194.09FU" 2 0 0 0 0 0 0 0 0 0 0 1 0 0 0 0
"SH0958202.09FU" 0 0 8 0 5 0 0 0 0 0 8 0 0 0 0 0
"SH0958212.09FU" 0 0 0 0 0 0 0 0 0 0 4 0 0 3 0 0
"SH0958215.09FU" 4 0 8 1 23 13 41 4 0 3 1 0 0 4 12 3
"SH0958217.09FU" 22 40 14 0 8 1 2 0 0 0 7 0 0 17 0 0
"SH0958225.09FU" 0 0 0 0 0 0 10 0 0 0 0 0 0 0 0 0
"SH0958226.09FU" 11 14 2 0 0 0 0 0 0 2 0 0 0 0 4 4
"SH0958420.09FU" 45 9 19 32 1 11 6 0 16 15 5 4 0 4 6 1
"SH0958501.09FU" 0 0 0 0 0 0 0 4 0 0 0 0 0 0 0 0
"SH0959308.09FU" 0 0 2 0 0 0 0 0 0 0 0 0 0 0 0 0
"SH0960134.09FU" 16 0 0 0 0 0 0 0 0 1 0 0 0 0 0 0
"SH0960170.09FU" 552 610 721 959 1592 1112 853 465 707 923 994 667 822 780 706 795
"SH0960796.09FU" 0 0 0 0 1 0 9 4 0 0 7 0 0 14 0 0
"SH0961014.09FU" 0 0 0 0 0 0 0 2 0 0 0 0 0 0 0 10
"SH0961030.09FU" 0 0 1 1 1 8 9 3 6 0 0 10 7 10 20 117
"SH0961128.09FU" 0 0 0 1 0 0 0 0 0 2 0 4 0 0 1 5
"SH0961216.09FU" 0 2 0 1 0 0 2 0 0 0 0 0 0 1 0 0
"SH0961262.09FU" 6 0 0 8 1 6 8 2 0 3 0 0 2 0 2 2
"SH0961269.09FU" 50 56 75 351 266 50 99 64 139 99 110 50 203 74 51 111
"SH0961373.09FU" 237 382 535 938 4338 2418 4770 1974 143 374 278 959 2109 3843 5606 4776
"SH0961398.09FU" 0 0 1 0 0 0 0 0 0 0 0 0 0 0 0 0
"SH0961427.09FU" 0 0 1 0 0 0 0 7 0 0 0 0 0 4 0 0
"SH0961471.09FU" 17 1 0 0 31 19 53 2 3 5 1 1 121 46 11 11
"SH0961535.09FU" 9 18 51 3 1 0 41 14 0 2 6 2 0 10 25 7
"SH0961575.09FU" 1 0 0 0 3 0 16 0 1479 4 4 73 9 0 0 6
"SH0961615.09FU" 0 0 0 0 0 0 0 0 0 0 1 0 0 0 0 0
"SH0961638.09FU" 0 0 0 1 1 0 1 0 0 0 0 0 0 0 0 0
"SH0961641.09FU" 0 0 2 0 0 0 0 1 3 0 0 96 0 0 11 0
"SH0962319.09FU" 57 12 74 94 36 76 120 22 441 166 542 326 35 58 94 90
"SH0962326.09FU" 23 42 15 3 1 3 10 2 55 59 81 75 15 13 32 155
"SH0962352.09FU" 27 60 71 65 0 0 0 1 8 15 90 325 0 7 0 1
"SH0963264.09FU" 0 0 3 0 0 0 0 0 0 0 0 0 0 0 0 0
"SH0963280.09FU" 11 0 0 0 0 0 0 0 0 0 0 0 0 0 0 0
"SH0963515.09FU" 0 0 0 0 0 0 0 19 10 0 0 8 0 0 0 0
"SH0964049.09FU" 0 0 1 0 0 0 0 0 0 0 0 0 0 0 0 0
"SH0964074.09FU" 4 0 7 11 0 0 0 0 0 0 0 0 0 0 0 3
"SH0964075.09FU" 0 0 0 0 0 0 0 0 0 0 1 0 0 0 0 0
"SH0964078.09FU" 0 0 3 0 0 0 0 0 0 0 0 0 0 0 0 0
"SH0964573.09FU" 57 0 0 0 0 0 0 0 1 3 0 0 0 0 0 0
"SH0964578.09FU" 0 0 1 7 0 0 0 3 0 0 17 0 0 0 0 0
"SH0964583.09FU" 0 0 0 0 8 0 0 6 0 0 37 0 0 0 0 0
"SH0964662.09FU" 0 0 0 0 0 0 0 0 0 0 0 2 0 0 0 0
"SH0965312.09FU" 0 0 0 0 0 0 0 0 0 0 0 0 0 0 0 5
"SH0965313.09FU" 0 0 0 0 0 0 0 0 0 0 0 0 17 3 0 0
"SH0965370.09FU" 0 0 0 0 0 1 0 0 0 1 0 0 0 1 0 0
"SH0965384.09FU" 1 63 10 0 1 0 0 11 49 44 20 64 0 1 0 0
"SH0965396.09FU" 0 0 0 1 0 0 0 4 0 0 0 0 0 4 0 4
"SH0965406.09FU" 18 21 30 48 79 70 106 236 246 295 274 246 31 36 45 164
"SH0965420.09FU" 0 0 7 0 12 7 0 12 0 0 0 2 1 7 3 1
"SH0965439.09FU" 0 0 0 3 0 0 0 0 0 0 0 0 0 0 0 0
"SH0965441.09FU" 0 0 0 0 0 0 0 1 0 0 0 0 0 0 0 0
"SH0965455.09FU" 44 61 14 7 48 18 35 199 166 56 60 57 23 32 38 20
"SH0965461.09FU" 0 0 1 0 0 0 0 5 23 0 1 0 0 0 0 2
"SH0965526.09FU" 1 0 0 0 0 0 0 0 1 1 1 0 4 15 6 19
"SH0965547.09FU" 0 0 1 0 0 0 0 0 0 0 0 0 2 0 0 0
"SH0965553.09FU" 121 158 81 178 19 20 46 54 448 140 61 137 2 4 5 21
"SH0965554.09FU" 45 82 182 104 186 128 245 420 172 481 225 334 60 119 153 203
"SH0965557.09FU" 20 37 30 110 217 147 210 640 112 151 412 59 502 521 319 395
"SH0966048.09FU" 0 0 0 0 0 0 0 0 0 0 0 0 1 2 5 0
"SH0966059.09FU" 0 1 0 1 1 0 0 7 0 0 0 0 0 0 1 1
"SH0966463.09FU" 0 0 0 0 0 0 0 0 0 0 0 0 0 0 0 1
"SH0968195.09FU" 1337 1300 1583 1189 417 272 654 47 46 144 884 548 211 316 616 385
"SH0968775.09FU" 0 0 1 0 1 0 0 2 0 0 0 0 0 0 0 0
"SH0968798.09FU" 1 0 0 0 0 0 0 1 0 0 0 0 1 3 3 0
"SH0968801.09FU" 56 83 83 137 225 63 510 180 174 168 278 327 64 87 145 179
"SH0968821.09FU" 20 87 57 69 1295 561 3373 370 64 99 97 87 1036 1864 2399 1234
"SH0968835.09FU" 0 0 0 0 0 0 1 0 0 0 0 0 0 1 0 0
"SH0968845.09FU" 0 0 6 1 0 15 3 1 0 0 2 0 13 9 7 19
"SH0968847.09FU" 0 0 0 0 0 0 0 0 0 0 0 0 1 0 0 0
"SH0968939.09FU" 585 767 779 894 181 91 275 241 146 57 71 159 401 313 492 607
"SH0969588.09FU" 0 4 0 0 0 0 0 0 0 0 0 0 0 0 0 0
"SH0969595.09FU" 3 5 1 33 0 0 0 0 0 0 13 15 0 6 12 0
"SH0970138.09FU" 2 0 8 0 0 1 0 14 19 12 19 31 13 1 4 7
"SH0970170.09FU" 0 0 0 0 0 5 0 0 0 0 0 0 0 0 0 0
"SH0970245.09FU" 21 68 73 83 67 33 112 163 110 159 136 255 26 14 21 43
"SH0970288.09FU" 0 0 0 0 0 0 0 0 0 0 0 1 0 0 0 0
"SH0970638.09FU" 3 2 6 2 22 237 76 83 24 21 2 4 7 67 77 82
"SH0970643.09FU" 21 25 21 20 32 45 58 79 439 236 289 100 26 22 95 110
"SH0970644.09FU" 1 1 3 0 12 17 7 27 0 0 0 1 11 9 8 1
"SH0970756.09FU" 0 0 0 0 0 0 0 1 0 0 0 0 0 0 0 0
"SH0970757.09FU" 0 0 0 0 0 0 0 9 0 0 0 0 1 1 0 2
"SH0971256.09FU" 0 0 0 0 0 0 0 0 0 2 0 0 0 0 0 0
"SH0971595.09FU" 0 0 0 0 22 33 0 5 4 0 0 0 12 21 0 44
"SH0971596.09FU" 0 0 1 0 0 0 0 0 0 0 0 0 0 7 0 0
"SH0971619.09FU" 0 0 0 0 0 0 0 0 0 0 0 0 0 0 0 4
"SH0971630.09FU" 3 0 0 0 0 0 0 0 0 50 1 32 0 1 0 0
"SH0972179.09FU" 0 0 0 4 0 0 0 0 0 0 0 0 0 0 1 0
"SH0972898.09FU" 35 15 38 38 53 21 48 34 257 457 251 326 16 13 54 90
"SH0973303.09FU" 1 1 0 1 0 1 1 4 1 1 0 0 0 12 3 8
"SH0973877.09FU" 0 0 0 0 0 0 0 1 0 0 0 0 0 0 0 0
"SH0974844.09FU" 1 1 0 5 7 5 6 6 10 1 0 0 1 0 0 4
"SH0974872.09FU" 8 15 27 13 112 115 1813 104 76 28 21 28 24 21 131 173
"SH0975368.09FU" 0 0 1 0 0 15 3 0 0 0 7 0 0 3 0 0
"SH0975527.09FU" 0 0 0 0 0 0 0 0 0 0 5 0 0 0 0 0
"SH0976325.09FU" 0 7 5 20 4 0 0 2 15 1 2 3 4 1 1 0
"SH0977080.09FU" 0 0 2 0 0 0 0 0 0 1 0 0 0 0 0 0
"SH0977213.09FU" 0 0 0 1 0 0 0 0 0 0 0 0 0 0 0 5
"SH0977233.09FU" 0 0 0 0 0 0 4 6 0 9 14 0 0 0 6 4
"SH0977264.09FU" 7 0 5 7 0 0 58 5 0 0 0 0 1 10 46 79
"SH0977301.09FU" 0 0 0 0 0 0 0 0 0 0 8 0 0 0 2 1
"SH0977305.09FU" 0 1 0 1 56 75 42 135 0 0 1 0 11 15 68 37
"SH0977446.09FU" 0 0 0 0 0 0 0 0 0 0 0 0 1 0 1 0
"SH0977486.09FU" 0 0 0 0 0 0 0 0 0 0 0 0 0 0 2 8
"SH0977575.09FU" 0 0 0 0 0 0 0 1 0 0 0 0 0 0 0 2
"SH0977598.09FU" 0 0 0 0 0 0 0 0 0 0 0 0 0 0 5 0
"SH0977615.09FU" 0 0 0 0 0 0 0 0 0 0 0 0 0 0 1 0
"SH0977638.09FU" 0 1 0 0 0 0 0 0 0 4 0 2 1 0 2 9
"SH0977849.09FU" 0 1 7 0 0 0 0 0 0 3 0 4 0 2 2 0
"SH0977863.09FU" 0 0 2 0 0 0 0 0 0 0 0 0 0 0 0 0
"SH0977869.09FU" 0 0 6 0 0 0 0 0 0 0 0 0 0 0 0 0
"SH0978025.09FU" 33 29 13 37 77 5 205 125 2 8 49 177 24 33 132 221
"SH0978043.09FU" 32 74 14 74 25 12 1 19 31 8 17 66 15 7 1 4
"SH0978282.09FU" 0 0 0 0 2 1 1 5 0 0 0 0 0 2 1 0
"SH0978443.09FU" 0 0 0 0 0 3 0 0 0 0 6 3 9 0 1 6
"SH0978468.09FU" 0 0 0 0 0 0 0 8 0 0 0 0 0 0 0 0
"SH0978702.09FU" 8 41 5 42 119 29 74 58 33 4 5 10 80 34 85 92
"SH0978787.09FU" 19 11 1 0 11 14 27 5 18 10 6 23 26 56 48 59
"SH0979722.09FU" 3 54 1 4 0 5 5 0 116 4 0 0 39 258 77 18
"SH0979741.09FU" 0 0 0 0 0 0 3 6 0 0 0 2 0 0 0 0
"SH0979780.09FU" 0 0 0 0 0 0 0 0 0 0 0 0 0 0 0 1
"SH0979824.09FU" 0 0 1 0 3 0 23 3 0 0 1 0 0 2 0 0
"SH0980252.09FU" 0 0 0 12 27 0 0 0 0 4 1 1 7 0 0 0
"SH0980265.09FU" 0 5 0 0 0 0 0 9 0 0 0 0 0 0 0 0
"SH0980282.09FU" 0 0 0 0 7 0 0 0 0 0 0 0 0 0 0 0
"SH0980341.09FU" 0 0 0 0 7 18 0 3 0 2 0 0 7 4 0 4
"SH0980411.09FU" 8 0 0 0 7 0 0 0 0 0 6 4 5 0 3 0
"SH0980725.09FU" 73 137 90 199 56 90 67 115 68 84 96 195 32 111 109 127
"SH0980736.09FU" 0 0 0 0 0 0 0 5 0 0 0 0 2 5 7 0
"SH0980752.09FU" 0 0 0 6 0 0 0 0 15 0 0 11 4 12 0 0
"SH0981002.09FU" 4 11 5 6 0 0 5 6 0 1 4 0 0 0 15 27
"SH0981022.09FU" 0 0 0 0 0 0 0 0 0 0 0 0 0 0 5 0
"SH0981065.09FU" 0 0 3 0 0 0 0 0 0 0 0 0 0 0 0 0
"SH0981071.09FU" 0 0 7 0 0 0 0 0 0 0 0 0 0 0 0 0
"SH0981134.09FU" 0 0 0 0 0 0 1 0 0 0 0 0 2 0 0 8
"SH0981150.09FU" 0 0 0 0 0 0 0 0 0 0 0 0 0 0 5 0
"SH0981158.09FU" 0 0 7 0 0 0 5 0 0 1 0 0 1 0 2 7
"SH0982131.09FU" 0 0 0 0 0 0 0 0 0 1 0 0 0 0 0 0
"SH0982327.09FU" 0 0 0 0 0 0 0 0 48 0 0 0 0 0 0 0
"SH0982781.09FU" 0 2 0 0 0 0 1 0 0 0 1 0 0 0 0 0
"SH0983198.09FU" 1 14 11 6 11 10 0 33 29 36 6 20 30 178 0 18
"SH0983590.09FU" 0 0 0 0 0 0 0 0 3 0 0 0 0 0 0 0
"SH0983963.09FU" 0 0 0 0 0 0 0 0 0 0 0 0 0 3 0 2
"SH0984227.09FU" 14 24 40 65 77 23 1 30 213 122 158 147 25 64 24 60
"SH0984600.09FU" 0 0 0 19 0 0 13 4 0 4 0 15 3 5 6 7
"SH0984753.09FU" 1 6 4 2 347 35 68 65 62 6 75 80 58 21 259 109
"SH0984920.09FU" 0 0 0 0 1 0 0 0 0 0 0 0 0 0 0 0
"SH0984988.09FU" 0 0 0 0 0 0 0 0 0 0 0 0 0 0 4 3
"SH0984989.09FU" 0 0 0 0 0 0 3 0 0 0 0 0 0 0 0 0
"SH0984992.09FU" 0 0 0 0 0 0 0 0 0 0 1 0 0 0 7 0
"SH0985055.09FU" 0 0 0 0 0 0 0 0 0 0 0 4 1 0 0 0
"SH0985192.09FU" 0 0 0 0 0 0 0 0 1 0 0 0 0 0 0 0
"SH0985244.09FU" 0 0 0 0 0 0 0 0 0 0 0 0 0 0 18 3
"SH0985614.09FU" 12 94 47 161 49 5 73 100 92 173 96 159 6 15 18 47
"SH0986633.09FU" 12 0 0 0 6 14 17 0 0 0 2 31 2 0 0 0
"SH0986634.09FU" 0 0 0 0 0 0 0 0 0 0 0 1 0 0 0 0
"SH0986764.09FU" 0 0 2 0 0 0 0 0 0 0 0 0 0 0 0 0
"SH0988811.09FU" 0 0 0 0 0 0 0 0 0 0 0 0 0 2 0 0
"SH0988887.09FU" 0 0 0 1 0 0 0 0 0 0 0 0 10 0 0 5
"SH0988939.09FU" 1 0 0 0 6 0 8 3 3 0 13 0 0 0 13 0
"SH0989273.09FU" 0 0 0 0 0 0 0 0 0 0 0 4 0 0 0 0
"SH0989466.09FU" 0 0 26 0 1 0 7 0 0 1 0 0 0 46 0 0
"SH0989470.09FU" 2 0 0 0 0 0 0 1 18 0 4 12 0 0 0 0
"SH0989785.09FU" 0 0 0 0 0 0 0 0 0 0 0 0 0 0 0 3
"SH0991014.09FU" 0 0 7 0 0 0 0 0 0 0 0 0 0 0 0 0
"SH0992093.09FU" 0 0 0 0 0 0 0 0 0 0 0 0 0 0 0 1
"SH0992160.09FU" 0 0 0 0 0 0 0 18 0 0 0 0 0 0 0 0
"SH0992182.09FU" 0 0 0 0 0 1 37 3 0 9 0 0 0 0 0 0
"SH0993010.09FU" 0 0 0 0 0 0 0 0 0 0 0 0 0 0 1 1
"SH0993030.09FU" 0 0 0 0 0 0 0 0 0 0 0 0 19 4 17 10
"SH0994454.09FU" 136 3233 256 620 850 211 668 452 148 213 271 372 209 478 371 387
"SH0994474.09FU" 0 4 0 0 0 0 0 0 0 0 0 0 0 0 0 0
"SH0994475.09FU" 649 2388 1114 1588 815 409 1025 675 986 1046 787 1270 522 753 898 863
"SH0994498.09FU" 14 27 15 43 61 80 162 92 16 16 19 25 113 125 167 218
"SH0994584.09FU" 0 1 0 0 0 0 5 0 0 0 0 0 3 28 1 25
"SH0994833.09FU" 0 0 0 17 0 6 0 0 5 0 0 0 0 0 0 0
"SH0994927.09FU" 0 0 0 0 0 0 1 0 0 0 0 1 0 0 0 0
"SH0995138.09FU" 0 0 0 0 1 0 2 0 0 0 0 0 0 0 0 1
"SH0996224.09FU" 0 0 0 0 0 0 0 0 0 8 8 8 0 0 0 0
"SH0997012.09FU" 0 0 1 0 0 0 34 6 0 1 0 0 0 105 61 35
"SH0997120.09FU" 0 0 0 1 0 0 5 10 3 2 0 3 0 1 5 0
"SH0997149.09FU" 0 1 1 9 25 5 43 22 2 13 3 9 6 20 8 29
"SH0997499.09FU" 0 0 0 0 0 0 0 0 0 1 0 11 0 0 0 0
"SH0998011.09FU" 0 0 0 0 1 0 0 0 0 0 0 0 0 0 0 0
"SH0998081.09FU" 0 0 0 0 0 0 2 0 0 0 0 0 1 0 0 0
"SH0998335.09FU" 0 0 0 0 0 0 0 2 0 0 0 0 0 0 0 0
"SH0998395.09FU" 0 0 0 0 0 0 0 0 0 0 0 0 0 0 5 0
"SH0999119.09FU" 0 0 1 0 0 0 0 0 1 0 0 0 0 0 0 0
"SH0999571.09FU" 0 0 0 0 0 7 1 25 6 0 0 0 0 0 3 0
"SH0999580.09FU" 0 0 0 8 1 0 0 0 0 1 3 13 0 0 0 0
"SH0999651.09FU" 2 0 0 0 0 0 0 0 0 0 0 0 0 0 0 0
"SH0999915.09FU" 7 12 1 10 0 0 0 0 6 2 0 0 0 5 0 0
"SH0999928.09FU" 0 7 0 0 0 0 0 0 0 0 0 0 0 0 0 0
"SH0999994.09FU" 0 0 0 0 0 0 0 0 0 0 0 0 0 0 7 0
"SH0999996.09FU" 0 0 4 0 0 0 6 0 0 0 0 0 0 0 0 4
"SH1000591.09FU" 17 3 328 37 1 1 0 5 237 295 189 399 1 57 3 0
"SH1000606.09FU" 5 9 14 47 9 10 7 172 102 15 4 36 35 10 4 37
"SH1000615.09FU" 0 0 0 0 0 0 0 0 0 4 0 0 0 3 0 0
"SH1000739.09FU" 0 0 0 0 6 9 5 16 0 0 0 0 8 19 19 17
"SH1000746.09FU" 83 22 35 29 13 16 89 48 225 453 74 137 28 55 27 64
"SH1000747.09FU" 0 1 17 2 6 0 1 0 0 1 5 1 0 0 8 1
"SH1000772.09FU" 2 4 2 6 37 47 15 83 198 6 5 34 8 12 0 27
"SH1000775.09FU" 124 1 0 4 0 0 0 2 11 15 1 429 0 0 0 3
"SH1000977.09FU" 0 0 0 0 8 1 12 28 0 0 1 1 29 48 43 81
"SH1001398.09FU" 1 1 2 0 0 2 0 0 0 0 0 2 0 0 2 0
"SH1002487.09FU" 1 1 6 4 36 13 38 46 23 16 77 28 50 4 10 9
"SH1002491.09FU" 3 3 19 3 74 32 67 117 34 55 97 81 101 14 12 43
"SH1003244.09FU" 0 0 5 3 0 0 0 0 0 0 0 0 0 0 0 0
"SH1004092.09FU" 14 2 23 54 2 6 75 27 7 68 55 81 10 6 9 12
"SH1004412.09FU" 3 0 0 0 0 0 0 0 0 2 0 0 0 0 0 0
"SH1004703.09FU" 0 1 0 0 0 10 0 0 0 0 13 5 12 12 0 30
"SH1004708.09FU" 0 0 7 45 0 0 8 7 1 0 5 3 11 8 2 56
"SH1005815.09FU" 0 0 0 0 0 0 0 0 0 0 5 0 2 3 0 1
"SH1008214.09FU" 0 0 0 0 0 0 0 0 0 6 0 0 0 0 0 0
"SH1008722.09FU" 0 0 0 0 0 11 0 3 0 0 0 0 16 0 0 0
"SH1009332.09FU" 6 0 4 0 8 2 0 0 4 3 0 1 1 0 0 12
"SH1010571.09FU" 0 0 0 1 4 17 5 6 0 1 0 0 0 0 0 0
"SH1010803.09FU" 0 1 1 0 0 9 0 1 0 2 1 0 0 3 0 0
"SH1011645.09FU" 19 15 4 14 19 19 24 28 76 128 100 201 8 0 0 0
"SH1011647.09FU" 0 0 0 0 8 1 0 1 0 0 0 0 0 0 0 0
"SH1011652.09FU" 0 0 0 0 0 0 0 0 13 0 0 1 0 0 0 0
"SH1012419.09FU" 1 0 1 1 1 2 2 1 2 2 1 2 0 0 0 1
"SH1012436.09FU" 366 834 474 670 1310 977 1635 646 4406 405 730 812 843 553 794 779
"SH1014156.09FU" 0 0 2 0 0 0 0 5 0 0 0 0 0 0 0 0
"SH1014179.09FU" 0 11 0 0 1 0 0 0 590 2 0 0 1 0 0 0
"SH1014332.09FU" 0 0 0 0 0 0 0 0 0 0 0 0 0 1 0 0
"SH1014917.09FU" 0 0 0 0 0 0 0 4 0 0 0 0 0 15 1 0
"SH1015773.09FU" 0 0 1 0 0 0 0 0 0 0 0 0 0 0 0 0
"SH1018621.09FU" 2 0 0 0 0 1 1 0 0 1 0 0 0 0 0 2
"SH1019186.09FU" 0 0 0 0 14 1 0 0 0 0 0 0 9 0 0 0
"SH1019894.09FU" 0 0 0 0 0 0 0 11 0 0 0 0 0 0 0 0
"SH1020165.09FU" 0 0 0 0 0 0 0 0 0 0 0 0 0 1 0 5
"SH1020338.09FU" 0 0 0 0 0 0 0 0 0 0 0 0 3 0 0 0
"SH1021444.09FU" 21 14 11 74 0 0 0 8 43 21 14 8 0 0 0 3
"SH1022448.09FU" 0 0 4 15 15 3 34 2 0 0 0 1 0 1 12 4
"SH1026551.09FU" 0 0 0 0 0 0 4 0 0 3 0 6 0 0 0 0
"SH1026610.09FU" 0 0 0 0 0 0 0 0 0 0 0 0 5 0 0 0
"SH1026703.09FU" 0 0 0 0 0 0 7 0 0 0 0 0 1 0 0 6
"SH1027483.09FU" 7 0 0 0 0 1 0 6 0 3 4 0 0 3 0 14
"SH1028590.09FU" 0 0 0 0 0 0 0 0 0 1 0 0 0 0 0 0
"SH1029145.09FU" 0 13 1 5 0 0 3 0 0 0 1 3 0 7 9 0
"SH1029379.09FU" 0 2 0 0 0 0 0 0 0 0 0 0 0 0 0 0
"SH1029537.09FU" 0 0 0 0 0 0 0 0 0 0 0 0 0 0 0 1
"SH1029557.09FU" 0 0 0 0 0 0 0 0 0 0 0 0 0 0 0 1
"SH1029584.09FU" 0 0 0 0 0 0 0 0 0 4 0 0 0 0 0 0
"SH1029836.09FU" 221 409 407 522 3 2 8 7 4 25 12 9 7 1 11 9
"SH1029838.09FU" 0 0 4 0 0 0 0 0 0 0 0 0 0 0 0 0
"SH1029963.09FU" 11 0 3 0 0 0 0 0 0 0 0 0 0 0 0 0
"SH1030405.09FU" 0 0 0 0 0 15 14 33 21 0 0 1 0 0 6 10
"SH1030410.09FU" 0 0 0 0 0 0 1 0 0 0 0 0 0 0 0 0
"SH1030639.09FU" 0 0 0 2 8 0 0 5 0 4 0 0 0 0 0 2
"SH1031754.09FU" 0 0 0 0 0 0 0 0 0 0 0 0 4 0 0 0
"SH1031942.09FU" 2 12 1 5 1 0 9 1 2 3 0 12 1 1 0 3
"SH1032149.09FU" 0 18 2 0 1 2 3 0 0 0 0 2 0 1 0 0
"SH1032187.09FU" 0 0 0 0 0 0 0 3 0 0 0 0 0 0 0 0
"SH1032733.09FU" 0 0 0 0 0 0 0 0 0 0 0 0 0 0 0 4
"SH1032745.09FU" 0 0 0 0 1 0 5 0 29 3 0 0 0 0 0 0
"SH1033726.09FU" 0 1 1 0 0 5 0 0 2 3 2 6 42 29 72 9
"SH1033742.09FU" 0 0 0 0 0 0 0 0 0 0 0 1 0 0 0 0
"SH1034206.09FU" 379 747 398 596 252 89 702 107 142 96 679 616 78 218 235 138
"SH1034210.09FU" 3 12 9 7 29 8 54 21 11 23 40 25 12 5 57 32
"SH1034699.09FU" 33 10 15 32 563 557 903 12060 46 20 26 65 6312 1546 663 1300
"SH1035123.09FU" 14 5 18 29 142 82 81 110 20 9 29 80 32 64 92 108
"SH1037033.09FU" 0 0 0 0 0 0 0 10 8 6 37 9 1 0 5 38
"SH1037090.09FU" 2 0 0 0 0 2 5 0 0 11 45 6 10 0 10 8
"SH1038477.09FU" 0 0 0 0 0 0 1 2 0 0 1 0 0 0 0 1
"SH1038538.09FU" 0 0 1 1 0 0 0 0 0 0 0 0 0 0 0 0
"SH1038561.09FU" 0 0 0 1 0 0 0 0 0 0 0 0 0 0 0 0
"SH1038567.09FU" 880 586 1252 1821 733 621 2011 1343 2186 4116 3547 2575 885 760 984 1547
"SH1038856.09FU" 0 17 1 0 19 0 0 0 0 7 0 19 0 1 5 0
"SH1039137.09FU" 12 64 15 74 1 2 0 29 85 264 99 143 7 22 2 23
"SH1039180.09FU" 33 15 7 17 33 4 63 111 103 226 26 273 16 7 31 30
"SH1039256.09FU" 98 32 44 112 1 13 126 184 658 662 1888 440 16 27 103 45
"SH1039271.09FU" 1 0 1 4 1 1 4 11 1 1 0 1 2 1 4 1
"SH1039341.09FU" 55 0 0 15 0 0 21 2 41 27 3 13 5 0 0 0
"SH1040731.09FU" 1 0 1 0 19 19 8 17 0 0 3 1 12 23 26 27
"SH1041706.09FU" 0 0 4 3 0 0 0 0 0 0 0 0 0 0 1 1
"SH1042472.09FU" 0 0 0 0 1 0 0 18 0 0 0 0 1 0 0 0
"SH1042484.09FU" 0 0 0 0 0 0 0 6 0 0 0 0 0 0 6 3
"SH1044581.09FU" 0 0 0 0 0 6 0 4 0 0 15 0 3 0 0 0
"SH1045101.09FU" 0 0 0 0 0 0 1 0 0 0 0 0 0 0 3 0
"SH1045410.09FU" 0 0 1 0 0 0 0 0 0 0 0 0 0 0 0 0
"SH1045435.09FU" 2 0 8 0 21 7 1 0 9 0 0 0 0 10 3 70
"SH1046038.09FU" 0 9 0 7 9 0 0 0 0 0 0 0 4 0 0 0
"SH1046042.09FU" 7 0 9 0 27 0 0 8 0 0 9 0 0 0 0 0
"SH1046127.09FU" 1 9 0 0 24 0 15 3 0 0 0 0 3 8 10 27
"SH1046366.09FU" 0 0 0 0 0 0 0 0 0 0 0 7 0 0 0 0
"SH1048439.09FU" 0 0 5 4 0 0 0 0 0 0 0 1 0 0 0 0
"SH1048834.09FU" 0 0 0 0 0 4 0 0 0 0 0 0 0 0 0 0
"SH1053234.09FU" 0 1 0 0 0 0 0 0 0 0 0 0 0 0 0 0
"SH1054946.09FU" 0 0 0 0 0 0 3 2 0 0 0 0 0 0 0 0
"SH1055162.09FU" 137 208 79 292 70 42 35 73 50 600 47 62 27 12 19 34
"SH1056194.09FU" 0 0 0 0 0 0 0 0 0 1 0 0 0 0 0 0
"SH1057489.09FU" 0 0 0 0 0 1 0 0 0 0 0 0 0 2 0 0
"SH1058338.09FU" 0 0 0 0 0 0 0 0 0 0 0 7 0 0 0 0
"SH1058415.09FU" 63 142 198 214 95 166 31 135 232 137 352 253 202 79 62 170
"SH1058579.09FU" 0 0 0 0 0 0 0 4 5 0 0 0 0 0 0 0
"SH1059749.09FU" 0 0 0 1 0 0 0 1 0 9 0 3 1 0 0 0
"SH1060327.09FU" 0 0 0 0 0 1 0 0 1 113 1 0 0 3 0 0
"SH1060350.09FU" 1 13 0 0 0 0 0 0 1 19 0 1 0 0 0 0
"SH1060902.09FU" 4 6 18 8 0 0 2 8 2 24 12 5 0 0 0 0
"SH1061921.09FU" 0 0 5 0 0 8 0 0 0 10 0 1 0 0 0 8
"SH1061989.09FU" 0 0 0 0 3 0 0 0 0 0 0 0 4 0 3 0
"SH1062064.09FU" 1 7 0 0 33 28 0 4 3 0 12 0 5 19 14 10
"SH1062590.09FU" 2 0 9 0 10 50 59 23 1 1 14 13 43 19 5 22
"SH1062808.09FU" 0 0 0 0 0 0 5 0 0 0 0 0 0 0 1 0
"SH1062958.09FU" 0 0 0 0 0 0 0 0 1 0 0 0 0 0 0 0
"SH1063473.09FU" 1 0 0 0 0 15 57 13 0 4 0 7 0 6 10 0
"SH1063487.09FU" 8 0 0 22 9 0 0 3 0 0 0 6 0 0 0 0
"SH1063488.09FU" 4 20 4 10 0 35 35 24 33 5 2 0 1 12 10 4
"SH1063489.09FU" 0 0 0 0 0 0 0 0 1 0 0 0 0 0 0 0
"SH1063498.09FU" 212 244 234 486 494 649 427 443 457 441 224 465 205 185 195 153
"SH1063533.09FU" 0 0 0 0 3 12 0 0 0 0 0 0 0 0 0 0
"SH1063535.09FU" 0 0 0 0 0 20 0 0 0 0 0 0 0 0 0 0
"SH1064675.09FU" 6 0 0 0 0 0 0 0 0 0 0 0 0 0 0 0
"SH1064680.09FU" 0 0 0 0 0 1 0 0 1 69 0 0 0 0 29 0
"SH1065776.09FU" 0 0 0 0 0 0 0 0 0 0 1 0 0 0 0 0
"SH1065777.09FU" 0 0 0 0 0 0 1 1 0 0 0 0 0 0 1 0
"SH1066371.09FU" 0 0 1 0 3 0 1 1 1 2 0 1 2 6 4 2
"SH1066434.09FU" 0 0 0 0 0 0 0 0 0 0 0 1 0 0 0 0
"SH1066462.09FU" 0 0 0 0 0 0 0 0 0 0 0 0 0 1 0 0
"SH1066686.09FU" 2 3 4 3 6 1 10 40 1 2 2 15 55 36 68 119
"SH1066941.09FU" 4 28 13 40 0 0 39 1 0 0 0 1 80 111 202 31
"SH1066997.09FU" 0 0 0 0 0 0 10 0 0 0 0 0 0 0 0 0
"SH1067235.09FU" 0 0 0 0 0 0 0 5 9 0 0 0 0 0 0 0
"SH1067354.09FU" 15 28 15 17 0 0 15 0 2 2 2 8 0 7 0 1
"SH1067361.09FU" 4 10 10 0 0 0 0 0 5 3 0 8 0 4 0 0
"SH1067621.09FU" 1 3 2 2 55 342 6 226 0 2 0 0 129 6 13 4
"SH1067652.09FU" 34 1432 44 76 71 199 22 19 122 120 169 76 32 17 23 238
"SH1067657.09FU" 15 11 3 26 1 29 0 14 42 32 16 48 0 11 8 36
"SH1067658.09FU" 3 15 0 6 2 19 8 320 121 5 56 62 10 12 17 11
"SH1068126.09FU" 84 88 49 173 164 190 247 113 16 12 16 8 162 189 288 277
"SH1068207.09FU" 0 0 0 0 0 0 0 7 0 0 0 0 1 0 0 0
"SH1068224.09FU" 0 0 0 0 0 15 0 0 0 0 0 0 0 0 0 0
"SH1068234.09FU" 0 0 3 0 0 0 0 0 4 0 0 0 12 0 0 0
"SH1068547.09FU" 0 0 0 0 0 0 0 0 5 0 0 0 0 0 0 0
"SH1068894.09FU" 0 0 0 0 10 8 0 0 1 0 0 0 5 0 0 0
"SH1068907.09FU" 0 0 0 0 0 0 0 0 5 0 0 0 0 0 0 4
"SH1069038.09FU" 0 0 0 0 0 0 0 0 0 14 0 0 0 1 0 0
"SH1069315.09FU" 0 0 0 0 0 0 0 2 0 0 0 0 0 0 0 0
"SH1070194.09FU" 0 0 0 11 0 0 0 1 1 0 0 1 0 0 0 0
"SH1070206.09FU" 1 0 1 6 1 0 0 1 19 0 2 1 0 0 0 0
"SH1070223.09FU" 2 0 0 3 0 0 0 0 0 0 0 0 0 0 0 0
"SH1070236.09FU" 0 4 0 0 0 0 0 0 0 0 0 0 0 0 0 0
"SH1070271.09FU" 2 0 0 2 0 5 0 0 0 1 1 0 0 0 0 0
"SH1070903.09FU" 0 0 0 2 0 0 0 0 0 2 0 0 0 0 0 0
"SH1071202.09FU" 0 0 0 0 0 0 0 1 0 0 0 0 0 0 1 0
"SH1071203.09FU" 0 0 0 2 0 0 15 13 0 0 0 0 0 0 1 4
"SH1071204.09FU" 254 410 267 314 869 698 619 453 252 532 492 398 405 345 368 411
"SH1071508.09FU" 0 0 0 0 6 2 0 0 0 1 0 0 10 22 24 5
"SH1071618.09FU" 0 3 0 0 0 0 0 0 0 7 0 0 20 0 2 0
"SH1071928.09FU" 8 6 0 59 3 18 104 354 3 5 1147 571 0 87 0 40
"SH1072520.09FU" 1 0 0 0 0 0 0 0 6 0 0 0 0 0 0 0
"SH1072526.09FU" 4 21 1 2 1 0 1 0 1 0 5 2 4 5 13 1
"SH1072530.09FU" 0 0 0 0 0 0 0 0 0 4 0 0 0 0 0 0
"SH1072909.09FU" 27 52 56 53 1135 1581 156 252 1837 326 437 611 124 118 88 56
"SH1073931.09FU" 0 0 0 0 0 0 0 0 0 0 0 7 0 0 0 0
"SH1073934.09FU" 0 1 0 0 0 0 0 0 0 0 0 0 0 0 1 1
"SH1073994.09FU" 2237 1964 2381 3019 2474 2573 2550 3310 6237 5702 4969 6384 997 988 1179 1297
"SH1074019.09FU" 1 0 1 2 217 49 70 106 350 109 5 2 28 1 22 53
"SH1074075.09FU" 0 0 1 4 0 0 0 0 0 0 0 0 0 0 0 0
"SH1074129.09FU" 0 0 0 0 0 0 0 0 0 0 0 1 0 0 0 0
"SH1074164.09FU" 2 0 3 0 7 8 42 18 0 0 0 11 23 61 25 80
"SH1074202.09FU" 558 1071 1270 1766 1864 1841 2462 528 330 272 1385 1925 925 1991 2367 1431
"SH1074224.09FU" 3 0 0 0 0 2 0 0 0 1 1 0 0 1 0 0
"SH1074226.09FU" 0 42 1 0 0 0 11 2 0 0 0 0 0 6 12 20
"SH1074275.09FU" 14 0 5 14 1 14 17 1 25 1 0 2 15 2 5 7
"SH1074565.09FU" 0 0 0 0 0 0 10 0 0 0 0 0 0 0 0 0
"SH1074706.09FU" 0 0 0 1 0 0 0 0 0 0 0 0 0 0 0 0
"SH1074730.09FU" 12 8 7 7 134 95 176 405 9 6 6 12 164 151 53 217
"SH1074744.09FU" 0 0 0 0 0 2 9 0 0 0 0 0 0 0 10 12
"SH1074750.09FU" 11 11 11 12 10 61 26 38 15 11 12 13 3 65 29 31
"SH1076177.09FU" 0 0 0 11 1 1 7 0 106 3 0 0 0 0 0 1
"SH1076244.09FU" 0 0 0 0 0 1 17 0 0 0 0 0 0 0 0 0
"SH1076545.09FU" 0 0 0 0 0 0 0 0 0 0 0 2 0 0 0 0
"SH1076550.09FU" 0 0 0 0 0 0 0 0 0 0 1 0 0 0 0 0
"SH1077109.09FU" 0 0 0 0 0 3 0 0 0 0 0 0 0 0 0 0
"SH1077119.09FU" 50 179 26 57 89 194 261 254 2 23 1 3 78 20 112 110
"SH1077120.09FU" 0 0 0 0 0 15 0 0 0 0 0 0 0 4 0 6
"SH1077143.09FU" 77 311 39 71 16 27 24 60 58 52 65 32 38 50 40 18
"SH1077172.09FU" 0 1 0 2 1 4 2 1 0 0 2 2 0 1 1 1
"SH1077305.09FU" 6 0 18 2 10 0 0 15 4 40 102 97 8 2 1 2
"SH1078088.09FU" 188 165 275 158 2220 2721 788 1172 1591 810 1067 1466 171 104 213 134
"SH1078150.09FU" 0 0 0 0 0 0 1 0 0 0 0 0 0 0 0 0
"SH1078310.09FU" 0 7 0 0 0 0 0 0 0 0 0 0 0 0 0 0
"SH1078317.09FU" 0 23 0 6 0 0 0 0 2 0 0 0 0 0 0 0
"SH1078325.09FU" 0 4 2 2 9 0 18 4 0 0 2 3 0 2 11 11
"SH1078435.09FU" 6 140 268 109 379 639 337 7 10 12 639 236 9 273 634 157
"SH1078444.09FU" 7 187 533 603 303 329 205 7 21 5 874 220 15 201 507 172
"SH1078447.09FU" 1153 1274 985 1920 2754 2092 2126 1727 1955 1524 1670 1208 1209 1217 1066 1060
"SH1078468.09FU" 0 0 0 0 11 0 0 0 0 0 0 0 0 0 0 0
"SH1078494.09FU" 0 0 0 0 0 0 0 0 0 0 0 0 0 0 37 0
"SH1078529.09FU" 0 0 1 0 4 2 0 0 0 1 1 1 0 0 0 0
"SH1078562.09FU" 59 137 109 131 352 222 196 232 138 112 147 67 173 169 163 160
"SH1078570.09FU" 0 0 0 1 2 1 2 1 1 1 2 3 0 0 1 0
"SH1078591.09FU" 0 0 0 0 0 0 0 0 0 1 0 0 0 1 0 0
"SH1078672.09FU" 0 0 0 0 0 0 0 1 0 3 0 0 0 0 0 0
"SH1078784.09FU" 0 0 0 0 0 0 0 0 0 0 0 0 0 2 0 0
"SH1078801.09FU" 6 3 1 1 90 46 102 59 27 42 15 8 43 2 10 5
"SH1078839.09FU" 1 0 0 0 0 1 1 0 0 0 0 0 1 0 0 0
"SH1078862.09FU" 0 0 0 0 1 0 0 0 0 0 0 0 0 0 1 0
"SH1078948.09FU" 12 3 14 11 145 57 59 152 182 217 474 479 14 12 84 239
"SH1079191.09FU" 0 0 0 0 0 0 0 0 7 0 0 0 0 0 0 0
"SH1079201.09FU" 35 14 54 107 64 21 129 131 277 289 309 287 11 99 51 118
"SH1079291.09FU" 0 0 1 0 0 0 0 0 0 1 2 0 1 0 1 5
"SH1079362.09FU" 42 97 49 147 135 101 113 28 23 37 20 60 63 85 30 28
"SH1079370.09FU" 4 11 19 5 36 33 52 87 232 53 53 34 25 24 42 46
"SH1079430.09FU" 0 0 0 0 0 0 0 0 1 144 0 0 0 0 0 0
"SH1079440.09FU" 30 26 25 112 25 18 115 89 79 187 146 155 41 34 38 39
"SH1079668.09FU" 0 1 0 0 0 0 0 0 0 0 1 0 0 0 0 0
"SH1081563.09FU" 483 1494 739 843 699 850 303 752 1392 1158 2398 1998 549 891 562 1115
"SH1081689.09FU" 1 1 0 3 4 0 1 3 4 2 10 4 0 0 0 4
"SH1082030.09FU" 1 0 0 0 0 0 0 0 9 0 0 0 0 0 0 0
"SH1082147.09FU" 0 0 0 0 0 5 0 0 0 0 0 0 0 1 0 0
"SH1082255.09FU" 78 117 32 82 59 33 25 22 51 95 61 37 24 18 18 10
"SH1082322.09FU" 0 0 0 0 6 8 1 2 0 0 0 0 14 1 0 3
"SH1082575.09FU" 0 8 4 4 10 7 19 54 31 12 131 21 1 7 5 12
"SH1082749.09FU" 0 0 0 5 1 4 2 1 0 0 0 0 0 1 0 0
"SH1082776.09FU" 0 0 4 0 0 0 0 0 0 0 0 0 0 0 0 0
"SH1083171.09FU" 0 5 9 0 3 0 0 0 0 0 0 0 0 0 0 0
"SH1083307.09FU" 0 0 0 0 0 0 0 0 0 0 0 13 0 0 0 0
"SH1083571.09FU" 1 0 0 0 0 0 0 0 1 0 0 0 0 0 0 0
"SH1084786.09FU" 0 0 0 0 0 0 0 1 3 0 1 1 0 0 0 0
"SH1084790.09FU" 0 1 4 0 0 0 1 0 1 3 1 0 0 1 5 0
"SH1084806.09FU" 40 24 338 77 101 58 91 191 423 835 470 444 94 19 700 391
"SH1084830.09FU" 0 0 0 0 0 0 0 0 0 0 1 0 0 0 0 0
"SH1085410.09FU" 0 0 0 0 20 0 4 0 0 0 0 4 0 4 0 0
"SH1085477.09FU" 0 0 0 0 0 0 0 0 0 0 0 0 3 0 0 0
"SH1085478.09FU" 0 0 0 0 0 0 0 0 6 0 0 0 0 0 0 0
"SH1085542.09FU" 26 221 259 90 441 238 154 285 219 300 462 290 224 145 205 219
"SH1086438.09FU" 0 0 0 0 0 0 0 0 0 0 5 0 0 0 0 0
"SH1086563.09FU" 0 0 0 0 0 0 0 0 0 0 0 6 0 0 0 0
"SH1086565.09FU" 0 0 0 0 0 0 9 0 0 0 0 0 0 0 0 0
"SH1086663.09FU" 0 0 0 0 0 0 0 0 0 5 0 0 0 0 0 0
"SH1087408.09FU" 13 11 41 40 34 20 25 63 102 155 169 156 6 11 52 37
"SH1087535.09FU" 0 0 0 0 0 0 0 0 0 0 0 0 0 0 2 0
"SH1087868.09FU" 0 0 0 0 0 0 0 0 0 0 0 3 0 2 0 0
"SH1087876.09FU" 0 0 0 0 0 0 0 0 0 1 0 0 0 0 0 0
"SH1089517.09FU" 5 0 9 0 0 0 0 0 0 0 0 0 0 3 3 0
"SH1089531.09FU" 111 397 256 279 275 310 70 51 108 239 178 624 79 108 41 52
"SH1089538.09FU" 12 0 0 0 0 11 0 1 0 0 3 2 12 0 1 1
"SH1089540.09FU" 1 38 9 8 0 1 0 9 141 4 3 555 1 0 0 23
"SH1089550.09FU" 0 1 2 0 26 16 0 10 0 5 0 13 5 4 0 21
"SH1090464.09FU" 0 2 2 1 3 1 42 18 1 3 1 3 26 37 279 43
"SH1090594.09FU" 0 0 0 0 0 0 3 0 0 0 0 0 0 0 0 6
"SH1090683.09FU" 0 0 1 0 20 0 0 0 0 0 0 0 0 8 3 2
"SH1090718.09FU" 1 2 2 3 32 0 49 22 0 0 3 2 20 34 253 74
"SH1090747.09FU" 0 0 14 5 0 0 21 0 0 0 0 0 0 0 0 3
"SH1090777.09FU" 0 0 0 0 0 0 0 0 0 0 0 0 7 0 0 0
"SH1091136.09FU" 5 0 0 0 0 0 0 0 0 0 0 0 0 0 0 0
"SH1091766.09FU" 0 0 0 0 0 0 0 0 0 0 0 0 0 0 35 0
"SH1091802.09FU" 0 0 0 0 1 0 0 0 0 0 0 0 4 0 0 0
"SH1091901.09FU" 18 45 123 46 456 310 462 239 121 38 20 14 1265 774 1005 935
"SH1091909.09FU" 0 0 0 0 0 0 0 0 0 0 0 0 0 0 0 3
"SH1091914.09FU" 0 7 3 14 11 10 39 73 79 139 69 30 2 14 66 167
"SH1092032.09FU" 45 22 174 126 241 178 238 515 973 832 769 743 162 117 448 373
"SH1092073.09FU" 2 0 2 0 96 0 49 27 2 0 1 0 53 23 58 91
"SH1092097.09FU" 0 0 0 1 0 0 0 0 0 0 5 0 0 0 0 7
"SH1096194.09FU" 0 0 0 0 0 0 0 0 0 3 0 10 0 0 0 0
"SH1096287.09FU" 0 0 0 0 0 0 0 0 0 0 0 0 0 1 0 0
"SH1096289.09FU" 0 0 0 0 0 5 0 0 0 0 0 0 0 0 0 0
"SH1097164.09FU" 0 0 0 0 0 0 0 8 0 2 0 0 1 0 0 0
"SH1098771.09FU" 0 0 0 1 0 5 30 3 1 8 15 9 14 23 15 25
"SH1098776.09FU" 1 0 0 0 4 26 6 4 3 1 0 0 20 5 5 22
"SH1099475.09FU" 1 0 0 0 3 0 0 0 0 0 0 0 0 0 0 0
"SH1100143.09FU" 0 0 0 0 0 0 0 0 6 0 0 0 0 0 0 0
"SH1100153.09FU" 6 0 0 0 0 0 0 0 0 0 0 0 0 0 0 0
"SH1100172.09FU" 0 5 0 0 0 0 0 0 0 0 0 0 0 0 0 0
"SH1100174.09FU" 0 0 0 0 0 0 5 0 0 0 0 0 0 0 0 0
"SH1100186.09FU" 0 0 0 0 0 13 0 0 0 0 0 0 0 0 0 0
"SH1102553.09FU" 0 0 0 0 0 17 0 3 4 0 0 11 2 2 0 0
"SH1102555.09FU" 0 0 0 0 0 0 0 0 1 0 0 6 0 0 0 0
"SH1102638.09FU" 0 0 0 0 0 0 0 0 0 0 0 0 0 0 5 0
"SH1104100.09FU" 0 0 0 0 0 0 0 0 0 0 3 0 0 0 0 0
"SH1105914.09FU" 0 0 0 0 0 0 0 0 0 0 0 0 0 0 0 1
"SH1106461.09FU" 8 42 5 24 79 39 29 4 22 36 0 10 4 10 11 12
"SH1106524.09FU" 0 0 0 0 0 0 0 0 0 1 0 0 0 0 0 0
"SH1108864.09FU" 0 0 0 0 0 0 0 0 1 0 0 0 0 18 0 0
"SH1110856.09FU" 0 0 0 0 0 0 0 0 0 0 0 0 10 0 0 0
"SH1110964.09FU" 264 300 381 593 394 357 1058 1332 1101 1062 1358 1161 335 475 587 1519
"SH1111046.09FU" 0 0 0 0 0 0 0 0 62 0 1 0 0 0 0 0
"SH1111055.09FU" 11 33 16 46 10 9 16 22 45 46 34 20 1 9 10 0
"SH1111148.09FU" 0 0 0 0 0 4 0 0 0 0 1 12 0 0 0 0
"SH1111208.09FU" 0 1 0 0 0 0 0 0 0 0 0 0 0 0 0 0
"SH1111254.09FU" 60 140 106 78 89 70 187 176 198 329 210 256 98 74 76 131
"SH1111485.09FU" 0 0 0 0 0 0 0 0 0 1 0 0 0 0 0 0
"SH1111490.09FU" 6 38 10 22 0 0 0 0 0 2 0 0 0 0 0 0
"SH1111576.09FU" 0 0 0 0 4 0 6 0 6 1 0 0 0 0 0 0
"SH1111728.09FU" 0 0 0 0 0 0 0 3 0 0 0 0 0 0 0 5
"SH1111978.09FU" 0 0 0 0 0 0 0 0 0 0 0 1 0 0 0 6
"SH1112718.09FU" 0 0 0 1 5 8 21 10 10 48 97 92 0 4 2 25
"SH1112870.09FU" 0 1 1 1 32 17 0 0 1 3 1 1 11 19 7 20
"SH1114330.09FU" 0 0 0 0 0 0 0 0 0 0 0 0 0 2 0 0
"SH1115018.09FU" 1 0 0 0 0 0 0 0 0 0 0 0 0 0 0 0
"SH1116064.09FU" 0 1 0 0 0 0 0 0 0 0 0 0 0 0 0 3
"SH1116420.09FU" 2 0 9 8 29 73 30 46 4 17 4 16 14 20 19 93
"SH1117023.09FU" 0 0 0 0 0 0 4 0 0 0 0 12 12 0 0 7
"SH1117025.09FU" 0 0 0 0 0 0 0 0 0 0 0 3 0 0 0 3
"SH1117032.09FU" 0 0 0 0 0 0 0 0 0 0 0 0 0 0 3 5
"SH1117034.09FU" 5 12 6 0 21 11 12 1 10 8 24 21 6 2 20 5
"SH1117054.09FU" 0 1 0 31 0 0 0 0 1 0 0 0 1 0 5 2
"SH1117077.09FU" 0 7 5 13 3 16 14 23 22 15 10 10 30 21 19 23
"SH1117087.09FU" 8 64 21 20 18 39 76 34 12 48 50 44 49 35 94 10
"SH1117091.09FU" 0 0 0 0 0 0 0 1 0 0 1 0 0 0 0 0
"SH1117093.09FU" 0 0 0 0 0 0 0 1 0 0 1 1 0 0 0 6
"SH1117106.09FU" 0 13 0 10 24 25 7 1 2 15 6 29 19 5 57 26
"SH1117117.09FU" 0 12 13 1 6 0 11 0 0 0 3 12 0 1 40 11
"SH1117140.09FU" 0 0 0 0 0 3 0 0 0 1 0 0 0 0 0 0
"SH1117809.09FU" 0 1 0 0 0 0 0 0 0 0 0 0 0 0 0 0
"SH1117965.09FU" 0 0 0 0 18 4 0 0 0 12 0 0 0 0 0 0
"SH1118458.09FU" 22 6 29 5 0 1 3 12 0 25 28 7 0 0 21 9
"SH1118779.09FU" 0 0 1 0 4 0 1 5 0 0 0 0 0 0 0 0
"SH1119360.09FU" 0 0 0 0 3 0 0 1 0 0 0 0 0 0 2 0
"SH1119766.09FU" 0 0 0 0 0 0 0 0 1 0 0 0 0 0 0 0
"SH1119941.09FU" 1 32 24 3 7 2 14 6 10 17 30 6 5 13 0 0
"SH1119951.09FU" 0 1 0 4 0 7 0 1 16 9 16 21 0 0 14 0
"SH1120014.09FU" 0 0 8 0 0 4 0 5 2 3 0 6 0 1 8 0
"SH1120117.09FU" 0 0 0 0 0 0 0 0 5 0 0 0 0 0 0 0
"SH1120928.09FU" 21 14 4 35 0 0 0 0 37 0 16 8 1 0 0 0
"SH1121020.09FU" 3 0 4 0 0 0 0 0 0 0 0 0 0 0 0 0
"SH1121142.09FU" 0 0 0 0 0 0 0 0 0 0 0 0 0 0 6 5
"SH1121519.09FU" 0 0 0 0 0 0 4 4 0 0 0 0 5 13 4 6
"SH1122497.09FU" 0 0 0 0 0 0 0 0 0 0 0 0 0 0 0 17
"SH1123845.09FU" 0 0 1 0 1 1 0 1 0 0 0 2 0 0 0 0
"SH1125385.09FU" 0 0 1 4 10 0 10 11 5 2 7 4 1 3 0 11
"SH1125576.09FU" 5 85 13 18 7 20 24 15 1 0 15 5 6 9 62 20
"SH1125577.09FU" 0 1 0 0 0 0 0 0 0 0 1 0 0 1 5 1
"SH1126067.09FU" 0 0 0 0 0 0 0 3 0 0 0 0 0 1 0 0
"SH1126349.09FU" 30 79 29 60 63 65 56 57 24 42 51 128 36 50 52 72
"SH1127039.09FU" 0 0 3 3 2 0 1 2 4 0 0 0 14 8 1 7
"SH1127107.09FU" 132 490 614 339 33 45 84 17 22 30 36 13 61 218 129 100
"SH1127233.09FU" 17 31 18 33 37 46 26 37 11 18 22 30 26 27 25 4
"SH1130669.09FU" 0 0 0 0 0 0 0 0 0 1 8 1 0 0 0 0
"SH1131240.09FU" 0 0 0 0 0 0 0 0 0 0 0 0 0 0 1 0
"SH1131417.09FU" 0 0 1 0 0 0 0 0 0 0 0 0 0 0 0 0
"SH1132075.09FU" 0 0 0 0 0 0 0 0 0 0 0 0 0 0 6 0
"SH1132818.09FU" 3 0 0 0 0 0 0 0 0 4 0 0 0 0 0 0
"SH1132971.09FU" 0 3 0 0 0 0 0 0 0 0 0 0 0 0 0 0
"SH1133810.09FU" 1 0 0 0 0 0 37 0 0 0 0 0 0 0 0 1
"SH1134998.09FU" 0 0 0 0 0 0 0 0 0 0 0 0 0 0 6 0
"SH1135654.09FU" 0 0 0 0 0 0 6 0 0 0 0 0 0 0 0 0
"SH1135666.09FU" 2 2 6 4 1 0 0 3 5 0 0 6 0 0 0 0
"SH1136460.09FU" 0 0 0 0 0 0 0 0 0 0 0 0 0 1 0 0
"SH1136580.09FU" 8 0 0 0 0 0 0 0 0 0 0 11 0 0 0 0
"SH1136637.09FU" 0 0 1 1 0 0 1 0 5 1 6 7 0 20 159 1
"SH1136656.09FU" 4 2 5 8 143 172 195 1490 9 1 2 9 78 32 539 471
"SH1136990.09FU" 0 0 0 0 0 0 0 0 0 0 0 0 3 0 0 0
"SH1138355.09FU" 0 0 0 0 0 0 1 4 0 0 0 1 0 0 0 0
"SH1139177.09FU" 0 0 0 0 0 0 10 0 0 0 0 0 0 0 0 0
"SH1142630.09FU" 0 0 0 0 0 0 0 0 0 0 0 0 1 0 0 0
"SH1142675.09FU" 0 0 0 0 0 12 0 0 0 0 0 0 0 0 0 0
"SH1143730.09FU" 22 27 9 6 11 0 14 0 0 0 9 3 17 36 13 10
"SH1144279.09FU" 0 0 0 0 0 0 0 0 0 4 0 0 0 0 0 0
"SH1144292.09FU" 0 1 3 0 0 0 0 0 0 3 1 0 0 3 0 0
"SH1144707.09FU" 0 0 0 0 0 5 1 0 0 0 0 0 6 4 5 0
"SH1144708.09FU" 0 0 4 0 2 1 0 0 3 1 1 0 2 1 1 0
"SH1144710.09FU" 0 0 0 0 0 0 0 0 0 0 0 0 2 1 0 6
"SH1146132.09FU" 0 0 0 0 0 0 0 0 0 2 0 0 0 0 0 0
"SH1146163.09FU" 0 0 0 0 0 0 0 0 0 0 0 0 0 0 0 2
"SH1146200.09FU" 0 0 0 2 6 0 0 3 0 0 0 7 0 0 5 0
"SH1146815.09FU" 1 24 8 3 16 14 24 9 0 14 5 13 0 4 0 1
"SH1147124.09FU" 0 0 0 0 0 0 0 0 0 0 0 0 0 0 0 10
"SH1147149.09FU" 0 0 0 3 0 0 0 1 0 0 0 0 1 2 33 77
"SH1147165.09FU" 0 0 0 0 0 0 0 0 0 0 0 0 0 0 0 5
"SH1147236.09FU" 0 0 0 0 0 0 0 0 0 0 0 4 0 0 0 0
"SH1147770.09FU" 0 0 0 0 0 0 0 7 0 0 0 0 0 0 0 0
"SH1147774.09FU" 1 0 1 0 1 0 0 0 1 0 0 0 416 9 4 1
"SH1148040.09FU" 1 0 0 0 0 0 0 0 0 0 0 0 0 0 2 0
"SH1148521.09FU" 0 0 5 0 0 0 0 0 0 0 0 0 0 0 0 0
"SH1149394.09FU" 0 23 8 0 12 10 25 8 3 6 0 1 10 0 0 7
"SH1149447.09FU" 0 0 0 0 20 0 0 0 0 0 0 0 0 0 0 0
"SH1149503.09FU" 2 0 0 0 12 7 4 6 0 0 2 0 2 0 3 0
"SH1149678.09FU" 0 0 0 0 1 0 1 1 1 0 5 0 0 1 20 1
"SH1153593.09FU" 0 0 0 0 0 6 0 0 0 0 0 0 0 0 0 0
"SH1153890.09FU" 0 0 0 0 0 0 0 0 0 0 0 0 0 0 0 4
"SH1154909.09FU" 0 0 0 1 0 0 0 0 0 0 0 0 4 0 2 0
"SH1156172.09FU" 0 0 1 0 0 0 0 0 0 0 0 0 0 0 0 0
"SH1158599.09FU" 0 0 0 0 0 0 5 0 0 0 0 0 0 0 0 0
"SH1158737.09FU" 5 0 0 6 0 0 6 6 0 5 0 0 1 3 0 1
"SH1159068.09FU" 4 0 3 0 0 0 8 11 1 19 0 0 7 6 17 2
"SH1159070.09FU" 24 5 14 53 58 20 32 29 86 16 5 65 3 33 17 57
"SH1159080.09FU" 0 10 1 3 11 9 6 2 0 0 1 15 3 11 7 27
"SH1159087.09FU" 6 0 1 1 1 4 0 4 0 0 0 0 12 4 0 0
"SH1159558.09FU" 0 0 0 4 0 0 0 0 0 0 0 0 0 0 6 0
"SH1159825.09FU" 4 4 0 0 0 0 0 0 14 14 11 52 0 0 0 0
"SH1160111.09FU" 1 0 0 0 0 0 0 0 2 0 1 15 0 2 0 0
"SH1160356.09FU" 6 12 2 38 22 17 4 1 2 0 1 0 2 0 3 13
"SH1160357.09FU" 4 0 4 12 16 6 3 6 2 3 3 60 13 0 15 10
"SH1160366.09FU" 0 0 0 0 0 0 0 0 0 0 0 0 0 2 0 0
"SH1160464.09FU" 0 0 0 0 0 0 8 0 0 0 0 0 0 0 0 0
"SH1161991.09FU" 14 11 6 0 0 4 11 0 7 0 1 0 8 7 8 3
"SH1162054.09FU" 0 0 0 0 1 0 0 0 0 0 0 0 0 0 0 0
"SH1162635.09FU" 1 0 0 0 0 6 0 0 0 2 0 0 0 0 0 0
"SH1162744.09FU" 0 0 0 0 0 0 0 0 0 2 2 0 0 0 0 0
"SH1162763.09FU" 0 0 0 0 0 0 2 428 0 0 0 1 0 0 0 7
"SH1162799.09FU" 0 6 0 0 0 0 0 0 0 0 0 0 0 0 0 0
"SH1162822.09FU" 0 0 0 0 0 0 0 0 0 0 0 2 0 0 0 0
"SH1165032.09FU" 3 0 0 0 0 0 0 2 0 0 0 0 0 22 5 23
"SH1165033.09FU" 0 0 0 0 0 0 0 0 0 1 0 0 0 0 0 5
"SH1166081.09FU" 1 12 78 17 0 0 0 0 2 3 1 0 3 0 2 0
"SH1166118.09FU" 0 0 0 0 0 0 6 7 10 2 3 1 0 2 14 21
"SH1166687.09FU" 2 1 0 1 0 0 0 1 0 0 0 0 11 0 0 0
"SH1167406.09FU" 0 0 0 0 0 0 0 6 0 0 0 0 1 0 0 0
"SH1167413.09FU" 0 0 0 0 28 4 7 8 10 2 200 281 0 0 0 2
"SH1167485.09FU" 0 0 0 0 0 0 0 9 0 0 0 0 0 0 0 0
"SH1167565.09FU" 9 10 10 17 468 257 33 52 9 13 10 39 29 26 56 29
"SH1168144.09FU" 1 0 0 0 0 0 0 0 0 0 0 0 5 0 0 0
"SH1168579.09FU" 0 0 0 0 0 0 0 0 16 1 0 0 0 0 0 0
"SH1168617.09FU" 0 0 0 0 0 0 0 0 0 0 0 0 0 0 2 0
"SH1168922.09FU" 0 0 0 0 0 0 0 0 0 2 0 0 0 0 0 0
"SH1169459.09FU" 1 0 0 0 0 0 0 0 0 0 1 0 0 0 0 0
"SH1169852.09FU" 0 0 0 0 0 0 0 1 1 0 0 0 0 1 2 0
"SH1169996.09FU" 14 16 4 2 0 0 15 0 7 13 0 18 6 0 6 0
"SH1169997.09FU" 3 0 0 0 0 0 0 0 0 0 0 1 0 0 0 0
"SH1170439.09FU" 2 52 3 33 24 26 80 22 0 5 0 7 8 0 0 9
"SH1170780.09FU" 1 0 0 8 0 0 0 0 0 0 0 0 1 2 0 0
"SH1171278.09FU" 0 0 0 0 0 0 0 0 0 0 0 0 0 0 5 0
"SH1171536.09FU" 0 0 0 0 0 0 0 0 0 2 0 0 0 0 0 0
"SH1171604.09FU" 0 0 0 0 0 0 0 0 0 0 0 0 0 2 0 0
"SH1171616.09FU" 0 0 0 2 0 0 0 26 0 0 0 0 0 0 0 0
"SH1172457.09FU" 0 0 0 0 0 1 0 0 0 0 0 0 0 0 0 0
"SH1172653.09FU" 1 0 0 0 0 0 0 0 0 0 0 0 0 0 0 0
"SH1172739.09FU" 0 0 0 0 0 0 0 0 2 0 0 0 0 0 0 0
"SH1173246.09FU" 15 6 6 0 0 0 8 0 13 13 2 0 2 7 5 4
"SH1173311.09FU" 0 0 0 0 0 0 0 0 0 4 0 0 0 0 0 0
"SH1174856.09FU" 0 0 0 0 0 0 0 0 0 0 0 0 0 1 0 0
"SH1175367.09FU" 1 0 79 0 0 0 0 0 0 0 0 0 0 4 0 0
"SH1175411.09FU" 0 0 0 0 0 0 0 0 0 0 0 2 0 0 0 0
"SH1175445.09FU" 3 3 0 15 6 7 2 11 3 1 4 2 16 14 13 22
"SH1175446.09FU" 0 0 0 0 0 0 0 5 0 0 0 0 0 3 1 9
"SH1175649.09FU" 0 0 0 16 0 0 0 0 0 0 0 0 0 0 0 0
"SH1175905.09FU" 0 0 0 5 0 0 0 0 0 0 0 0 0 0 0 0
"SH1176491.09FU" 0 0 0 0 0 9 0 0 0 0 0 0 0 0 1 0
"SH1177130.09FU" 323 358 335 570 950 607 1301 890 560 640 676 475 535 496 620 707
"SH1177238.09FU" 9 3 19 119 49 41 11 14 1643 554 1156 735 3 9 12 13
"SH1177884.09FU" 0 0 0 0 0 0 0 3 0 0 0 0 0 0 0 0
"SH1177901.09FU" 0 0 0 0 0 0 0 0 0 0 0 0 10 0 0 0
"SH1178859.09FU" 3 0 0 0 0 0 0 0 0 0 0 0 0 0 0 0
"SH1178902.09FU" 0 9 0 0 0 0 0 0 0 0 0 0 0 0 0 0
"SH1179176.09FU" 0 18 0 0 0 0 0 0 0 0 0 0 0 0 0 0
"SH1179267.09FU" 1 1 3 0 0 0 0 0 0 0 0 0 0 0 9 0
"SH1180325.09FU" 0 0 0 1 0 0 0 0 0 0 0 0 0 0 0 0
"SH1182534.09FU" 0 0 0 0 0 1 3 0 0 0 0 0 3 11 0 0
"SH1182665.09FU" 4 15 22 1 0 0 11 8 0 8 1267 22 0 1 1 0
"SH1182668.09FU" 0 0 0 2 0 0 1 1 0 5 82 19 1 0 0 69
"SH1182673.09FU" 0 0 0 0 0 0 0 0 0 1 0 1 0 0 0 0
"SH1182675.09FU" 2 0 15 0 3 0 0 0 0 0 0 0 1 4 11 11
"SH1182695.09FU" 18 11 1 26 2 0 45 155 1635 3 123 112 3 18 8 2
"SH1182719.09FU" 0 2 0 1 0 0 8 13 109 32 34 3 0 1 16 142
"SH1182727.09FU" 0 0 0 0 8 4 0 7 0 0 0 4 0 0 0 0
"SH1183324.09FU" 0 0 0 0 0 0 0 0 0 0 0 0 0 1 0 30
"SH1183389.09FU" 0 0 1 1 8 31 0 14 0 140 1 15 0 5 83 6
"SH1183397.09FU" 0 0 0 0 0 0 0 0 0 0 0 0 0 6 1 0
"SH1183416.09FU" 0 0 0 0 0 0 0 0 0 0 0 0 0 0 8 0
"SH1183435.09FU" 0 0 0 0 0 0 0 0 0 0 0 0 0 0 0 2
"SH1183654.09FU" 0 0 0 0 0 0 0 0 0 0 0 0 3 0 0 0
"SH1183678.09FU" 1 0 0 3 0 0 0 0 2 0 5 4 0 1 0 0
"SH1183752.09FU" 0 0 0 1 11 0 2 18 0 0 0 0 0 0 29 4
"SH1184081.09FU" 0 9 0 0 0 0 0 0 0 0 0 0 0 0 0 0
"SH1184160.09FU" 2 11 0 12 0 0 13 2 0 0 2 0 0 3 0 6
"SH1184161.09FU" 23 2 6 15 7 0 6 0 0 13 16 4 16 0 0 16
"SH1184885.09FU" 0 0 0 0 0 0 0 0 0 0 0 0 5 0 0 0
"SH1185231.09FU" 21 3 0 10 0 2 0 0 2 0 0 29 1 2 8 0
"SH1185360.09FU" 0 0 0 0 0 0 0 0 0 6 5 0 0 0 0 7
"SH1186382.09FU" 113 104 41 95 26 23 29 34 48 50 57 72 23 40 13 33
"SH1186640.09FU" 0 0 0 0 0 0 0 0 0 2 0 0 0 0 0 0
"SH1186825.09FU" 0 0 0 3 0 0 0 0 0 0 0 0 0 0 0 0
"SH1188661.09FU" 0 0 0 3 4 0 11 12 9 10 3 5 0 2 0 1
"SH1188819.09FU" 0 5 0 0 0 0 0 0 0 0 0 0 0 1 0 0
"SH1188836.09FU" 0 0 0 0 0 0 0 0 0 0 0 0 3 0 3 0
"SH1189225.09FU" 0 0 0 0 0 0 7 0 0 0 0 0 4 0 0 0
"SH1190075.09FU" 0 0 0 0 0 0 0 0 0 0 0 0 0 0 0 1
"SH1191003.09FU" 0 0 0 0 0 0 0 0 0 4 0 0 0 0 0 0
"SH1191173.09FU" 0 0 0 0 0 0 13 11 0 0 0 0 0 0 0 3
"SH1191797.09FU" 0 0 4 0 0 0 0 0 0 0 0 0 0 0 0 0
"SH1192642.09FU" 3 0 0 0 0 0 0 0 3 0 0 0 0 0 0 0
"SH1192643.09FU" 28 29 10 37 85 62 50 53 20 23 23 39 32 71 52 51
"SH1193237.09FU" 0 0 0 0 0 0 0 0 0 1 0 0 0 0 0 0
"SH1193255.09FU" 1 7 0 2 4 5 1 17 3 4 15 10 3 7 3 7
"SH1193262.09FU" 1415 2693 1613 1778 3052 3615 2587 7428 1688 3134 1967 2633 1986 1822 1547 1730
"SH1194287.09FU" 0 26 8 12 0 0 9 1 0 6 21 1 5 11 38 2
"SH1194387.09FU" 0 0 0 0 4 0 0 0 8 5 4 11 13 28 1 13
"SH1194411.09FU" 4 10 7 4 12 6 8 15 29 7 12 2 27 49 12 38
"SH1194774.09FU" 0 0 0 0 0 0 5 0 0 0 0 0 0 0 0 0
"SH1194883.09FU" 0 0 3 0 0 0 8 0 0 0 2 0 4 1 9 1
"SH1194961.09FU" 0 0 1 0 0 0 0 3 2 5 4 4 3 2 8 0
"SH1195487.09FU" 8 1 0 1 3 8 4 7 14 10 20 28 4 4 20 241
"SH1195999.09FU" 0 0 11 0 0 0 0 2 0 0 0 0 0 1 2 0
"SH1196184.09FU" 0 0 0 0 1 1 64 17 0 1 0 1 0 1 8 16
"SH1197633.09FU" 0 0 0 0 0 0 0 0 1 3 0 0 0 0 0 0
"SH1197727.09FU" 0 1 0 0 54 1 17 44 0 2 0 0 0 27 0 58
"SH1198162.09FU" 0 0 1 0 0 1 0 0 0 1 0 0 0 0 0 0
"SH1198289.09FU" 2 0 0 3 0 0 0 0 0 0 0 0 0 0 0 0
"SH1198379.09FU" 4 0 5 0 0 0 0 0 0 0 0 0 0 0 0 0
"SH1198696.09FU" 5 0 0 0 0 0 0 0 6 0 0 0 0 0 0 0
"SH1198876.09FU" 9 0 1 14 90 33 46 14 10 0 4 2 18 13 31 23
"SH1198881.09FU" 2 0 1 0 0 0 0 5 0 2 1 0 6 5 4 0
"SH1198886.09FU" 0 0 0 0 0 0 0 0 2 0 0 0 0 0 0 0
"SH1198888.09FU" 5 0 0 0 0 34 18 0 0 17 0 0 25 5 6 0
"SH1198962.09FU" 0 0 0 0 0 0 0 8 0 0 0 0 6 0 0 0
"SH1198967.09FU" 0 0 2 0 0 0 0 0 0 0 0 0 0 0 0 0
"SH1198971.09FU" 0 0 0 0 0 0 0 0 0 0 1 0 10 6 0 0
"SH1200244.09FU" 0 0 0 0 0 0 0 0 0 0 0 5 0 2 0 0
"SH1200284.09FU" 0 0 0 0 0 0 0 0 0 0 0 4 0 0 0 0
"SH1200289.09FU" 0 0 0 0 0 0 0 0 0 0 0 17 0 0 0 0
"SH1200747.09FU" 20 57 6 40 39 50 51 29 2 55 23 9 46 49 31 32
"SH1200777.09FU" 5 0 0 4 10 0 6 0 0 2 5 3 0 0 7 9
"SH1201177.09FU" 1 0 6 6 3 0 0 0 8 3 2 3 17 4 19 23
"SH1201314.09FU" 0 0 0 0 0 0 25 15 0 0 0 0 2 0 0 4
"SH1201389.09FU" 0 0 0 0 0 1 0 0 0 0 0 0 0 0 0 0
"SH1201547.09FU" 0 0 0 0 9 0 0 3 0 0 0 0 0 2 0 0
"SH1201711.09FU" 0 0 0 0 0 5 0 0 0 0 0 0 0 0 0 0
"SH1201771.09FU" 0 0 0 0 0 0 0 0 0 0 0 2 0 0 0 0
"SH1201790.09FU" 0 0 0 0 0 0 8 0 0 0 0 0 0 0 0 4
"SH1201793.09FU" 0 0 0 0 0 1 12 0 0 0 0 0 2 0 0 0
"SH1201798.09FU" 0 0 0 1 0 5 0 0 4 0 0 0 0 0 0 0
"SH1201805.09FU" 0 0 0 0 0 0 4 0 0 0 1 0 6 0 0 0
"SH1201940.09FU" 0 0 0 0 0 0 0 0 0 1 0 1 3 7 1 10
"SH1201942.09FU" 0 0 0 0 0 0 0 0 0 0 0 0 1 0 0 4
"SH1201943.09FU" 0 0 0 0 0 0 0 3 0 1 5 0 0 0 0 0
"SH1201950.09FU" 7 0 1 1 7 0 25 8 0 0 0 0 27 8 0 9
"SH1201953.09FU" 1 0 1 12 14 5 12 6 3 0 0 0 4 5 4 1
"SH1202554.09FU" 7 20 17 16 6 0 7 8 56 18 86 41 0 0 6 9
"SH1202753.09FU" 0 0 0 0 25 20 8 6 0 1 0 0 10 4 0 5
"SH1203931.09FU" 0 0 0 0 0 0 0 0 0 1 0 0 0 0 0 0
"SH1204086.09FU" 1 0 0 0 1 0 0 0 0 0 0 0 0 0 0 0
"SH1204246.09FU" 50 173 159 117 350 145 378 591 587 618 698 861 258 75 390 473
"SH1204312.09FU" 0 0 0 0 0 0 0 6 0 0 0 0 0 0 0 0
"SH1204357.09FU" 0 0 0 0 0 0 0 8 11 0 0 0 0 0 0 0
"SH1204375.09FU" 0 0 0 0 0 0 0 0 0 2 0 0 0 0 0 0
"SH1204376.09FU" 0 0 0 0 0 0 0 0 0 0 0 0 0 17 0 0
"SH1204384.09FU" 0 0 10 0 0 0 0 0 0 0 0 0 0 0 0 0
"SH1204422.09FU" 0 0 0 0 0 0 0 0 0 0 0 0 0 0 1 43
"SH1204426.09FU" 0 0 0 0 0 0 0 0 0 0 0 0 6 0 0 0
"SH1204502.09FU" 0 0 0 0 0 0 0 1 0 0 0 0 0 0 0 0
"SH1204519.09FU" 2 0 0 4 0 18 0 7 0 0 0 0 4 0 0 0
"SH1204983.09FU" 7 12 7 45 81 130 16 41 65 51 33 90 1 1 2 5
"SH1204987.09FU" 2 0 0 1 0 1 17 49 0 7 4 0 6 8 0 1
"SH1205156.09FU" 2 0 0 0 0 1 1 4 0 0 0 1 2 0 0 3
"SH1205158.09FU" 0 0 0 1 1 0 0 0 2 0 0 0 0 0 0 0
"SH1205584.09FU" 2 1 1 6 60 80 8 34 1 0 1 0 35 26 9 37
"SH1205927.09FU" 1 0 0 0 0 0 0 0 0 0 0 0 0 0 0 0
"SH1207071.09FU" 0 0 0 0 0 1 0 3 0 0 0 0 0 0 0 3
"SH1207541.09FU" 1 0 0 1 15 1 17 3 1 0 0 0 1 6 14 0
"SH1207554.09FU" 0 0 0 0 0 0 0 0 0 0 0 0 0 0 1 4
"SH1207557.09FU" 6 0 23 0 0 0 0 0 0 4 43 14 0 0 0 0
"SH1207588.09FU" 0 0 0 0 0 0 0 0 0 0 0 0 1 0 0 0
"SH1207605.09FU" 0 0 2 0 0 0 0 0 0 0 0 0 0 0 0 0
"SH1207624.09FU" 199 133 193 388 56 27 120 15 54 33 157 27 11 232 200 128
"SH1207671.09FU" 0 0 0 0 0 0 0 0 0 0 0 0 0 4 0 0
"SH1207704.09FU" 2 0 0 0 0 0 0 0 0 0 0 0 1 1 65 10
"SH1207706.09FU" 0 1 0 6 0 0 0 0 0 1 0 0 6 1 0 0
"SH1207710.09FU" 0 0 0 0 9 1 1 1 0 0 0 0 0 0 0 0
"SH1208264.09FU" 0 0 0 0 0 3 0 0 0 0 0 0 0 0 0 0
"SH1208857.09FU" 4 0 0 0 0 0 0 0 0 0 0 0 0 0 0 0
"SH1208865.09FU" 0 0 0 0 0 0 0 1 0 0 0 1 1 3 229 317
"SH1208887.09FU" 1 6 2 5 14 6 153 81 2 4 3 9 131 563 406 677
"SH1208893.09FU" 0 0 0 0 0 1 0 0 0 0 0 0 0 0 0 0
"SH1208896.09FU" 0 0 0 0 0 0 0 0 0 1 0 0 0 0 0 0
"SH1208911.09FU" 0 0 0 0 0 0 0 0 0 0 0 0 1 0 0 0
"SH1208952.09FU" 3 0 55 86 58 124 0 7 0 5 1 3 8 78 85 456
"SH1209034.09FU" 0 0 0 2 1 0 4 0 0 0 0 0 0 0 0 0
"SH1209068.09FU" 0 0 0 2 0 0 0 0 0 0 0 0 0 0 0 0
"SH1209413.09FU" 0 0 0 0 0 0 0 0 0 0 1 0 0 0 0 0
"SH1209864.09FU" 26 62 20 38 193 99 464 556 54 80 121 302 52 46 164 195
"SH1211111.09FU" 0 0 0 0 0 8 0 0 0 0 0 0 0 0 0 0
"SH1211556.09FU" 0 1 0 1 0 33 0 3 2 0 0 0 95 38 18 66
"SH1212890.09FU" 0 0 0 0 0 1 0 4 0 0 0 0 0 0 0 0
"SH1212932.09FU" 0 0 0 0 0 0 0 0 0 0 0 0 0 3 0 0
"SH1212933.09FU" 0 0 0 0 8 0 0 0 0 0 0 0 0 0 0 0
"SH1212956.09FU" 0 0 0 1 0 0 0 11 0 0 0 0 0 1 4 4
"SH1212974.09FU" 0 0 0 0 0 0 0 0 2 0 0 0 2 0 0 0
"SH1213039.09FU" 0 0 0 0 0 0 0 0 0 0 0 0 0 0 0 2
"SH1213190.09FU" 0 0 0 0 0 0 0 0 1 246 0 3 0 0 0 0
"SH1213205.09FU" 0 0 7 5 5 7 9 25 0 39 44 0 0 1 0 0
"SH1213966.09FU" 0 0 0 0 0 0 0 0 0 0 0 0 0 0 28 0
"SH1214753.09FU" 0 0 0 0 0 7 0 0 0 0 0 0 0 0 7 0
"SH1214877.09FU" 0 2 0 0 0 0 0 0 0 0 0 0 1 0 0 0
"SH1215074.09FU" 0 0 3 0 2 0 0 7 4 0 0 1 0 0 0 0
"SH1215125.09FU" 12 8 23 0 18 0 15 4 40 7 1 7 1 0 10 11
"SH1215126.09FU" 0 0 0 0 8 1 0 0 1 0 0 0 0 0 6 0
"SH1215130.09FU" 0 0 2 6 0 0 0 0 0 0 0 15 2 0 0 0
"SH1215253.09FU" 6 0 0 0 0 0 0 0 0 0 0 0 1 0 0 0
"SH1216188.09FU" 7 18 31 44 95 4 60 77 47 134 173 121 34 24 23 40
"SH1216820.09FU" 6 16 1 7 14 5 525 21 7 10 3 7 10 8 26 39
"SH1217851.09FU" 1 0 0 0 0 0 0 0 0 0 7 0 0 0 0 0
"SH1217929.09FU" 3 4 2 17 2 6 11 9 24 10 4 12 2 1 0 0
"SH1218338.09FU" 0 5 0 5 6 0 0 0 0 0 0 1 0 0 7 7
"SH1218354.09FU" 1 0 4 0 0 0 0 0 0 0 0 0 0 0 0 0
"SH1218564.09FU" 0 0 13 4 24 1 25 2 4 11 1 12 0 0 13 8
"SH1218747.09FU" 0 0 0 1 0 0 0 0 0 0 0 0 9 0 0 0
"SH1218792.09FU" 0 0 0 0 17 0 0 0 0 16 0 7 1 0 0 0
"SH1219075.09FU" 0 0 3 2 12 7 6 46 0 0 19 26 11 2 24 26
"SH1219454.09FU" 10 0 15 0 3 0 9 0 7 13 6 6 0 1 1 0
"SH1219458.09FU" 236 384 800 1767 897 2847 761 737 416 927 1244 1491 393 313 282 282
"SH1219482.09FU" 1 0 0 0 0 0 0 0 0 0 7 4 11 5 0 0
"SH1222566.09FU" 0 0 1 0 0 0 0 0 0 0 0 0 3 0 7 0
"SH1222585.09FU" 0 0 0 0 0 0 0 0 0 0 238 0 0 0 0 1
"SH1222589.09FU" 0 0 7 0 0 0 2 1 0 0 1 25 0 2 76 0
"SH1222591.09FU" 0 0 0 0 0 0 0 2 0 0 0 0 0 0 0 0
"SH1222616.09FU" 2 0 2 0 5 8 32 1 0 0 0 0 0 0 5 0
"SH1222881.09FU" 10 16 12 20 7 4 15 0 1 9 0 16 8 7 9 4
"SH1223269.09FU" 9 12 14 7 0 2 344 11 0 0 4 1 13 8 172 52
"SH1223334.09FU" 0 0 0 0 0 0 0 0 8 0 0 0 0 0 0 0
"SH1223350.09FU" 0 1 25 3 15 33 65 24 22 48 22 21 44 9 20 10
"SH1223358.09FU" 1 9 0 0 0 0 0 5 0 1 0 0 0 0 0 3
"SH1223398.09FU" 113 114 333 214 350 400 209 347 1538 125 213 393 165 183 152 151
"SH1223446.09FU" 0 0 8 15 31 8 21 39 16 26 6 12 33 8 9 16
"SH1223447.09FU" 14 0 0 0 0 0 0 0 0 0 0 0 0 0 0 10
"SH1223465.09FU" 0 0 0 0 0 17 0 0 0 0 0 0 0 0 1 5
"SH1223474.09FU" 0 0 0 0 0 4 0 2 0 0 0 0 0 0 6 0
"SH1223889.09FU" 0 0 0 0 0 0 0 8 0 0 0 0 0 0 0 0
"SH1224186.09FU" 0 0 0 0 0 0 0 0 0 1 0 0 0 0 0 0
"SH1226121.09FU" 0 3 0 2 0 0 3 0 0 0 0 3 0 0 0 0
"SH1227778.09FU" 1 1 1 8 15 4 5 1 10 1 11 0 6 5 9 3
"SH1227872.09FU" 2 12 24 15 0 15 19 6 1 0 0 0 1 9 22 16
"SH1227959.09FU" 4 140 28 52 1 6 14 3 3 1 0 0 8 26 10 11
"SH1227991.09FU" 0 0 0 1 0 0 3 1 0 0 0 0 0 0 1 0
"SH1228265.09FU" 0 0 0 0 2 0 0 0 0 0 0 0 0 0 0 0
"SH1228777.09FU" 0 0 0 0 0 1 0 1 0 0 0 0 0 0 0 0
"SH1229681.09FU" 1 1 0 0 0 0 0 0 0 0 0 0 0 2 0 1
"SH1230595.09FU" 0 1 0 0 0 1 0 0 108 226 2 2 0 0 0 0
"SH1231402.09FU" 0 0 0 0 0 0 0 3 0 0 0 0 0 0 0 2
"SH1231662.09FU" 3 0 1 0 0 11 0 0 0 12 0 2 2 1 7 4
"SH1231748.09FU" 9 0 2 8 0 0 0 15 0 0 4 4 1 1 1 0
"SH1232992.09FU" 0 0 0 0 0 0 0 0 0 0 0 4 0 0 0 0
"SH1233321.09FU" 2 1 75 2 15 0 23 54 38 29 71 28 47 25 46 25
"SH1233397.09FU" 423 158 114 100 15 22 36 59 38 159 125 420 155 24 8 53
"SH1234996.09FU" 0 0 0 0 0 0 86 1 1 0 0 0 0 2 17 2
"SH1234997.09FU" 0 0 0 0 0 0 0 0 0 0 0 0 0 0 7 0
"SH1235243.09FU" 0 0 0 2 0 0 0 0 1 0 0 0 0 0 0 0
"SH1235261.09FU" 0 3 0 0 0 0 0 0 0 0 0 0 0 0 0 0
"SH1235872.09FU" 0 0 0 0 0 0 0 6 0 0 0 0 0 0 0 0
"SH1235928.09FU" 6 0 0 0 0 0 0 0 0 0 0 0 0 0 0 0
"SH1235935.09FU" 16 6 1 2 85 27 47 85 8 37 2 23 0 16 31 62
"SH1236118.09FU" 0 5 17 9 0 0 0 15 0 0 6 0 0 3 0 9
"SH1236133.09FU" 0 0 0 0 0 0 0 0 0 0 0 0 7 0 0 0
"SH1236561.09FU" 0 0 0 0 0 0 0 0 0 0 0 0 0 0 5 0
"SH1236566.09FU" 5 0 0 0 0 0 0 0 0 0 0 0 0 0 0 0
"SH1236705.09FU" 0 7 0 0 0 0 0 0 0 0 0 0 0 0 0 0
"SH1236709.09FU" 1 6 0 0 0 0 0 0 0 0 0 0 0 0 0 0
"SH1237747.09FU" 15 0 3 12 27 42 13 9 8 7 2 8 0 5 4 0
"SH1237748.09FU" 0 0 0 0 0 0 0 0 0 0 0 4 0 0 0 0
"SH1237750.09FU" 7 0 0 0 0 0 0 0 0 0 0 0 0 0 0 0
"SH1238234.09FU" 0 0 0 0 0 0 8 1 0 0 0 0 7 0 0 34
"SH1239294.09FU" 0 0 0 0 0 0 0 0 1 0 0 0 0 0 0 0
"SH1239303.09FU" 0 0 0 0 0 0 0 0 0 0 0 0 0 0 10 0
"SH1239319.09FU" 0 0 0 0 0 0 8 0 0 0 0 0 0 5 0 0
"SH1239358.09FU" 0 0 2 0 0 0 0 0 0 0 0 0 0 0 0 0
"SH1239743.09FU" 0 1 0 0 14 14 0 2 24 0 0 0 10 15 0 12
"SH1239814.09FU" 0 0 0 0 0 0 0 1 0 0 0 0 0 0 0 0
"SH1239817.09FU" 0 0 0 3 0 0 0 0 0 0 0 0 0 0 0 0
"SH1239877.09FU" 0 0 6 0 0 0 15 7 0 0 7 0 2 0 7 8
"SH1239897.09FU" 38 59 36 188 3 3 50 21 73 128 70 30 11 28 6 40
"SH1239959.09FU" 0 0 0 0 0 0 0 0 0 3 0 0 0 0 0 0
"SH1240491.09FU" 1 0 5 6 13 0 0 4 38 20 29 17 3 14 0 21
"SH1240603.09FU" 0 0 0 0 0 0 0 0 0 0 0 0 0 0 0 1
"SH1240717.09FU" 1 0 4 8 1 0 5 12 23 37 24 0 0 2 3 0
"SH1241535.09FU" 1 3 2 0 4 0 0 0 1 0 1 0 1 19 6 8
"SH1243124.09FU" 5 0 0 0 0 0 0 0 0 0 0 0 0 0 0 0
"SH1243146.09FU" 0 0 0 1 0 0 2 0 0 0 5 0 0 3 4 0
"SH1243251.09FU" 0 0 0 0 0 4 0 0 0 1 6 0 2 10 6 4
"SH1243420.09FU" 0 0 0 0 0 15 0 14 0 1 0 0 3 0 0 0
"SH1243430.09FU" 0 0 0 0 0 0 0 0 0 0 0 4 0 0 0 0
"SH1248207.09FU" 0 0 0 0 0 1 0 0 0 0 0 0 0 0 0 0
"SH1248777.09FU" 6 0 0 0 0 4 0 0 0 0 7 0 0 0 0 0
"SH1248795.09FU" 0 0 0 0 0 0 0 0 0 0 0 0 0 0 0 6
"SH1249067.09FU" 0 0 0 0 0 0 0 0 0 0 0 0 0 1 0 5
"SH1249139.09FU" 0 0 0 3 0 6 0 0 8 0 0 8 8 0 0 5
"SH1249933.09FU" 0 0 0 0 0 3 3 0 0 0 0 0 2 0 0 0
"SH1249942.09FU" 1 3 1 1 0 1 26 0 0 1 0 85 0 1 7 4
"SH1250729.09FU" 0 0 0 5 0 30 0 0 0 0 0 2 0 11 0 0
"SH1251125.09FU" 0 0 0 2 0 0 0 0 0 0 0 0 20 0 0 0
"SH1252155.09FU" 0 0 7 15 0 1 0 4 0 6 1 0 0 6 3 0
"SH1252156.09FU" 13 2 7 4 0 2 4 5 10 8 105 15 1 12 35 2
"SH1252379.09FU" 0 0 0 0 5 0 4 3 3 2 12 10 0 0 0 0
"SH1252601.09FU" 0 0 0 0 0 0 0 0 0 1 0 0 0 0 0 0
"SH1254094.09FU" 13 25 0 10 1 0 0 0 0 0 1 0 1 0 0 0
"SH1254895.09FU" 0 0 0 0 0 0 0 0 0 0 1 0 0 0 0 0
"SH1255025.09FU" 0 0 0 0 0 0 0 2 1 2 9 0 0 0 0 1
"SH1255033.09FU" 0 0 0 0 0 0 0 2 0 1 3 0 0 0 8 0
"SH1255315.09FU" 26 11 55 79 8 16 47 17 82 117 70 109 12 2 13 6
"SH1255331.09FU" 0 1 0 0 3 1 24 8 1 0 0 0 44 14 26 55
"SH1255683.09FU" 0 1 0 0 0 2 0 0 0 2 4 0 0 0 1 0
"SH1256957.09FU" 7 2 7 0 0 0 0 0 0 0 0 0 0 0 0 0
"SH1257108.09FU" 0 4 0 0 0 0 0 0 0 0 0 0 0 0 0 0
"SH1257591.09FU" 5 0 0 0 0 0 0 0 0 0 0 0 0 0 0 0
"SH1257693.09FU" 0 0 0 0 0 0 0 2 0 0 0 0 0 2 0 0
"SH1257874.09FU" 0 0 0 0 0 4 0 0 0 0 0 0 0 0 0 0
"SH1259002.09FU" 0 0 1 0 0 2 0 1 1 0 0 0 1 0 0 0
"SH1259024.09FU" 0 0 0 0 0 0 0 0 0 0 0 7 0 0 0 0
"SH1259058.09FU" 20 3 0 5 0 0 0 0 0 1 0 0 0 2 0 0
"SH1259118.09FU" 4 0 0 0 0 0 0 0 0 0 0 0 0 0 0 0
"SH1259140.09FU" 2 0 2 0 0 0 0 0 0 4 0 5 0 0 0 0
"SH1259145.09FU" 102 43 32 17 44 411 159 90 668 13 39 30 90 23 42 34
"SH1259374.09FU" 7 105 3 27 65 64 1 71 13 121 7 0 213 18 24 2
"SH1259469.09FU" 19 24 18 28 81 57 70 118 4 2 1 27 0 0 14 2
"SH1259481.09FU" 16 16 45 29 15 0 0 0 0 2 1 0 1 1 324 2
"SH1260713.09FU" 3 33 0 28 29 52 91 16 72 0 4 23 4 0 42 8
"SH1261975.09FU" 0 9 0 0 0 0 0 0 0 0 0 0 0 0 0 0
"SH1262011.09FU" 0 0 0 0 5 0 0 0 0 0 0 0 0 0 0 0
"SH1262367.09FU" 0 0 0 0 0 0 0 0 0 0 0 0 0 1 0 4
"SH1264107.09FU" 0 0 0 0 0 0 0 0 0 0 0 0 2 0 0 0
"SH1264483.09FU" 1 1 0 0 0 0 0 0 0 0 0 0 11 0 0 0
"SH1264709.09FU" 0 0 0 0 0 0 8 0 5 0 0 0 0 0 0 0
"SH1264919.09FU" 0 0 0 0 0 0 0 0 0 0 0 0 0 2 0 0
"SH1264921.09FU" 0 0 0 0 0 0 0 0 0 0 0 0 0 0 3 0
"SH1265358.09FU" 0 0 0 0 0 0 0 3 0 0 0 0 0 0 0 3
"SH1265448.09FU" 1 0 6 7 0 0 1 4 4 15 41 10 0 0 0 0
"SH1266591.09FU" 2 0 0 0 0 0 0 1 0 0 0 0 0 3 1 3
"SH1266651.09FU" 6 58 76 5 52 22 49 71 46 25 35 55 55 55 69 94
"SH1266670.09FU" 0 0 0 0 0 0 0 0 0 0 0 0 0 0 1 0
"SH1266697.09FU" 0 0 0 0 0 0 0 0 0 6 0 0 0 0 0 0
"SH1266811.09FU" 0 17 3 0 9 0 1 0 8 7 9 0 0 0 1 0
"SH1267397.09FU" 0 0 0 2 0 0 0 0 0 0 0 0 0 0 0 0
"SH1267603.09FU" 0 0 0 0 0 0 0 0 0 0 0 0 0 0 0 3
"SH1268988.09FU" 31 44 77 89 50 35 44 13 47 39 81 84 11 39 81 14
"SH1269969.09FU" 0 0 0 0 0 0 0 0 0 0 0 1 0 0 0 0
"SH1269980.09FU" 0 0 1 0 2 0 15 0 3 184 0 0 0 0 0 0
"SH1270141.09FU" 0 0 3 0 0 0 0 0 0 0 0 0 0 0 0 0
"SH1270155.09FU" 0 0 1 0 1 0 0 0 0 0 0 0 0 0 0 0
"SH1270566.09FU" 0 1 0 0 0 0 0 0 0 0 0 0 0 0 0 0
"SH1270676.09FU" 29 82 35 81 72 125 38 42 392 53 50 313 58 36 26 36
"SH1270678.09FU" 6 0 0 1 0 3 1 8 0 0 3 2 0 6 0 0
"SH1270710.09FU" 0 0 0 0 0 0 0 0 0 0 0 2 0 0 0 0
"SH1270871.09FU" 2 7 12 7 5 2 75 96 0 46 36 25 20 32 318 194
"SH1270891.09FU" 0 0 2 1 0 0 0 3 0 2 5 1 0 0 2 22
"SH1270894.09FU" 0 0 1 0 0 0 0 0 0 0 0 0 0 0 2 0
"SH1271007.09FU" 0 0 0 0 0 0 0 0 0 0 0 0 0 0 1 0
"SH1271028.09FU" 0 0 0 0 0 0 1 0 0 0 0 0 0 0 1 0
"SH1272059.09FU" 0 13 0 0 0 2 0 0 0 15 0 4 2 0 0 4
"SH1272061.09FU" 0 0 0 0 0 0 0 0 0 0 3 0 0 0 0 0
"SH1272137.09FU" 0 33 0 5 12 7 1 34 48 48 0 119 0 13 70 19
"SH1272151.09FU" 0 0 0 0 0 0 0 0 1 34 0 0 0 0 0 2
"SH1272155.09FU" 0 12 0 0 0 0 10 1 0 0 1 23 0 0 0 0
"SH1272333.09FU" 0 0 0 0 0 0 0 0 0 0 0 0 1 0 0 0
"SH1272334.09FU" 0 0 0 0 0 0 0 0 0 0 6 0 0 0 0 0
"SH1272338.09FU" 0 0 0 0 0 0 3 0 0 0 0 0 0 0 0 0
"SH1272702.09FU" 1 0 0 0 0 0 0 0 0 0 0 0 0 0 0 0
"SH1272809.09FU" 0 0 0 0 0 0 1 0 0 0 0 0 0 0 1 0
"SH1273392.09FU" 5 0 3 0 0 0 0 7 20 0 1 0 3 3 0 0
"SH1273419.09FU" 27 17 0 24 0 5 0 0 12 8 12 22 28 2 6 4
"SH1273617.09FU" 0 0 0 0 0 0 11 0 0 0 0 0 0 0 0 0
"SH1274036.09FU" 0 0 4 0 0 0 0 0 0 0 0 0 0 0 0 0
"SH1274460.09FU" 0 0 0 0 0 0 0 0 0 0 0 0 0 0 1 5
"SH1274846.09FU" 0 0 5 0 0 0 8 0 0 0 0 0 5 7 3 47
"SH1274848.09FU" 0 0 0 0 0 0 0 0 0 0 0 0 0 0 0 1
"SH1274886.09FU" 1 2 8 7 30 6 56 57 8 17 21 20 10 3 56 58
"SH1274920.09FU" 0 0 3 1 4 0 0 2 0 20 13 27 0 6 15 19
"SH1274950.09FU" 0 0 0 0 0 0 0 0 0 0 0 0 1 0 0 0
"SH1274963.09FU" 0 0 0 0 0 0 0 0 0 0 0 0 0 0 0 1
"SH1274980.09FU" 0 0 3 0 0 0 0 0 0 0 0 0 0 0 0 0
"SH1274998.09FU" 0 0 0 0 0 0 0 3 0 0 0 0 0 0 3 0
"SH1275018.09FU" 0 0 0 0 0 0 0 0 0 1 1 1 0 0 0 2
"SH1275043.09FU" 0 0 0 0 0 0 0 0 0 0 1 0 3 0 1 5
"SH1275048.09FU" 0 0 0 0 0 0 0 0 0 0 0 0 2 1 0 0
"SH1275051.09FU" 0 0 0 0 0 0 0 0 0 0 0 0 0 0 0 2
"SH1275058.09FU" 0 0 2 0 0 0 10 1 0 1 0 0 6 11 39 17
"SH1275068.09FU" 0 0 0 1 6 0 0 11 0 0 0 0 0 0 0 18
"SH1275512.09FU" 0 15 0 0 0 0 0 0 0 0 7 0 0 0 0 0
"SH1275695.09FU" 5 11 5 10 16 10 10 23 3 5 6 8 7 6 5 6
"SH1275702.09FU" 969 1254 993 2003 3023 1738 2227 2534 568 712 816 1031 1082 670 751 801
"SH1275709.09FU" 0 0 0 7 0 0 0 0 7 0 0 0 4 0 0 0
"SH1275725.09FU" 0 0 0 0 0 1 1 0 0 0 0 1 0 0 0 0
"SH1275744.09FU" 0 0 0 0 9 1 9 0 2 6 5 0 1 0 4 7
"SH1275749.09FU" 2 0 0 0 0 0 0 0 0 0 0 0 0 0 0 0
"SH1276307.09FU" 27 15 11 22 0 0 72 62 9 11 34 52 4 5 8 17
"SH1276355.09FU" 0 0 0 0 8 0 0 0 0 0 0 0 0 0 0 0
"SH1276376.09FU" 0 0 0 0 0 0 0 0 0 0 0 1 0 0 0 0
"SH1276431.09FU" 0 0 0 2 0 0 0 0 0 0 0 0 0 0 0 0
"SH1276871.09FU" 0 0 4 2 0 0 0 0 1 41 9 43 0 0 0 0
"SH1277085.09FU" 0 0 0 0 0 0 0 0 0 0 0 1 0 0 6 0
"SH1277406.09FU" 286 300 380 523 607 357 751 766 586 665 716 740 183 261 470 517
"SH1277435.09FU" 0 0 0 0 0 0 1 2 0 0 0 0 0 0 0 0
"SH1277450.09FU" 1 0 1 0 1 4 0 0 0 0 1 1 5 0 0 0
"SH1278544.09FU" 13 491 39 61 37 49 113 25 17 28 17 7 118 236 231 98
"SH1278550.09FU" 2305 2659 1163 2284 4811 3703 2710 1691 1805 1655 1793 2373 4117 9352 6010 4431
"SH1278556.09FU" 19 412 178 158 11 35 76 26 8 4 47 2 151 157 149 100
"SH1278566.09FU" 12 26 52 26 32 63 31 25 245 21 18 164 12 54 58 29
"SH1278567.09FU" 0 0 4 0 0 0 5 0 0 0 0 0 0 0 0 0
"SH1278625.09FU" 76 161 136 375 1 1 6 29 9 28 12 1 4 2 0 8
"SH1278839.09FU" 10 24 31 19 4 5 20 10 0 4 3 7 0 1 6 47
"SH1278922.09FU" 0 0 0 0 0 0 8 0 0 0 0 0 0 0 0 0
"SH1278970.09FU" 8 11 6 7 198 54 1079 111 10 19 14 21 117 101 241 414
"SH1279567.09FU" 0 0 0 0 0 0 0 0 0 0 0 0 1 0 0 0
"SH1280129.09FU" 0 0 0 7 7 8 10 4 0 0 0 0 0 1 21 0
"SH1280150.09FU" 0 0 0 0 0 0 0 0 0 0 0 0 0 0 3 0
"SH1280476.09FU" 0 0 0 0 1 0 5 3 0 0 0 0 0 0 0 0
"SH1280788.09FU" 0 0 0 0 0 0 0 0 3 0 0 0 0 0 0 0
"SH1280912.09FU" 0 0 0 0 0 0 0 0 0 0 0 0 0 0 1 1
"SH1281039.09FU" 0 0 0 0 0 0 0 0 0 0 0 0 0 1 31 10
"SH1281467.09FU" 0 0 0 0 0 0 0 0 0 0 0 4 0 0 0 0
"SH1282800.09FU" 0 0 0 0 0 0 0 5 0 0 0 0 0 0 0 0
"SH1285550.09FU" 0 0 0 0 0 0 0 0 0 0 0 0 5 0 1 0
"SH1286367.09FU" 0 0 0 6 0 0 0 0 0 0 1 0 0 0 0 4
"SH1286653.09FU" 0 0 3 0 12 0 0 0 0 0 0 0 0 0 0 0
"SH1286656.09FU" 0 0 3 0 0 0 0 0 0 0 0 0 0 0 0 1
"SH1286657.09FU" 0 1 0 1 4 2 0 1 0 1 0 0 0 0 0 0
"SH1287386.09FU" 0 0 0 0 0 0 0 3 0 0 0 0 0 0 0 0
"SH1287462.09FU" 0 0 0 0 0 5 0 1 1 0 0 0 0 0 0 0
"SH1287476.09FU" 2 1 3 0 0 5 0 18 106 0 21 3 0 5 0 2
"SH1287757.09FU" 0 0 1 0 5 0 0 0 0 0 0 1 0 0 0 15
"SH1287837.09FU" 4 0 0 4 0 0 1 0 0 0 2 3 0 0 0 0
"SH1288592.09FU" 0 7 0 0 0 0 0 0 0 0 0 0 0 0 0 0
"SH1289722.09FU" 1 1 0 2 0 0 0 0 0 0 0 0 0 0 0 0
"SH1290210.09FU" 0 0 0 0 0 0 0 0 0 6 0 0 0 0 0 0
"SH1290490.09FU" 0 0 4 0 0 0 0 0 6 11 0 0 0 0 0 0
"SH1290503.09FU" 0 15 0 0 0 0 0 0 7 0 0 0 0 0 0 0
"SH1290507.09FU" 0 0 3 0 0 0 0 0 0 0 0 0 0 0 0 0
"SH1290509.09FU" 0 0 0 0 0 2 0 0 4 0 14 0 0 0 0 0
"SH1290595.09FU" 0 0 0 10 0 0 0 0 0 4 0 0 0 0 0 0
"SH1290607.09FU" 29 2 17 6 538 229 819 1509 5104 917 376 334 63 50 238 61
"SH1290750.09FU" 0 0 0 0 0 0 0 0 0 0 4 7 0 1 0 108
"SH1290928.09FU" 0 0 7 0 0 0 0 0 0 0 9 0 0 0 0 0
"SH1291514.09FU" 4 0 0 0 0 0 0 0 0 0 0 0 0 0 0 0
"SH1291522.09FU" 0 0 0 0 0 6 0 0 0 0 1 0 0 3 11 0
"SH1291669.09FU" 167 333 140 244 82 164 60 100 107 135 67 308 46 65 84 72
"SH1291689.09FU" 0 0 0 0 0 0 0 5 10 6 0 0 0 0 0 0
"SH1291692.09FU" 25 32 23 55 82 108 134 73 327 64 66 144 7 20 52 25
"SH1291720.09FU" 10 26 11 6 15 0 0 4 15 36 8 5 1 1 0 0
"SH1291776.09FU" 1086 28 85 1062 1040 404 342 189 792 1368 279 304 517 86 251 161
"SH1291829.09FU" 10 0 0 0 39 0 1 0 0 0 0 0 0 0 1 0
"SH1292559.09FU" 4 3 3 9 9 11 9 14 3 3 2 4 9 6 36 25
"SH1292848.09FU" 0 0 0 0 0 0 0 0 0 0 2 0 0 0 0 0
"SH1292943.09FU" 0 0 0 0 0 0 0 9 0 0 0 0 0 0 0 0
"SH1294046.09FU" 1 0 0 1 0 0 0 0 0 1 0 0 0 0 0 0
"SH1294059.09FU" 0 4 14 3 4 17 7 0 0 0 19 6 0 3 6 0
"SH1294067.09FU" 9 0 3 6 18 2 5 0 1 1 0 2 11 9 2 15
"SH1294077.09FU" 0 0 0 0 0 0 0 0 0 0 1 0 0 0 0 0
"SH1294078.09FU" 22 15 107 80 28 16 21 15 75 40 117 238 1 0 4 15
"SH1294753.09FU" 0 0 0 0 11 2 0 8 7 0 0 0 12 7 0 0
"SH1294808.09FU" 0 0 0 0 0 0 23 0 0 0 0 0 0 0 0 0
"SH1294810.09FU" 131 115 91 49 19 0 5 11 4 21 10 16 8 7 7 44
"SH1294876.09FU" 0 0 0 0 0 0 8 0 0 0 0 0 0 3 0 8
"SH1295140.09FU" 0 0 0 0 0 0 0 0 0 0 0 0 0 0 1 0
"SH1295141.09FU" 0 0 0 0 0 0 0 0 0 0 0 11 0 0 0 3
"SH1295646.09FU" 0 0 4 0 0 0 0 0 0 0 0 0 0 0 0 0
"SH1295652.09FU" 0 0 0 0 0 4 0 0 6 0 5 20 0 3 1 0
"SH1298464.09FU" 0 0 0 0 0 0 10 11 0 0 1 0 0 0 0 0
"SH1298756.09FU" 1 0 5 8 1 0 0 2 102 0 3 6 2 1 3 0
"SH1298821.09FU" 127 951 222 11122 244 129 167 733 8432 319 169 541 238 1090 619 567
"SH1298867.09FU" 0 0 5 3 0 0 0 3 1 0 0 0 0 0 0 0
"SH1298977.09FU" 11 0 21 31 10 0 2 7 13 13 63 18 2 16 6 8
"SH1299108.09FU" 0 0 0 0 0 0 0 0 0 0 0 1 0 0 0 0
"SH1300252.09FU" 0 0 0 0 0 0 0 0 0 0 0 0 0 0 0 4
"SH1300486.09FU" 0 0 0 0 0 0 0 0 0 1 0 0 0 1 0 0
"SH1300809.09FU" 0 0 2 13 0 0 0 0 0 0 0 0 0 3 0 0
"SH1301038.09FU" 4 0 0 0 0 0 1 1 6 3 0 6 2 0 0 0
"SH1301048.09FU" 0 0 0 0 0 0 1 0 0 0 0 0 0 0 0 0
"SH1301414.09FU" 47 96 104 209 75 66 11 299 169 232 401 474 52 55 75 178
"SH1301493.09FU" 0 0 0 0 0 0 0 0 0 0 0 0 0 0 6 0
"SH1301498.09FU" 0 0 1 1 10 7 26 2 0 1 0 1 6 2 23 10
"SH1301795.09FU" 1 13 10 84 21 1 47 34 2 6 2 8 16 52 58 53
"SH1302303.09FU" 0 0 0 0 0 0 0 0 5 0 0 0 0 0 0 0
"SH1302529.09FU" 244 453 255 494 429 289 354 330 497 571 728 515 72 150 211 229
"SH1302567.09FU" 496 980 705 813 871 377 722 470 1062 1405 1188 1225 160 364 486 682
"SH1302576.09FU" 1145 2105 1783 2564 1336 4089 1666 1246 2065 3955 3594 4352 546 721 1140 1100
"SH1303064.09FU" 0 0 0 0 0 0 0 0 0 0 0 0 3 0 0 0
"SH1303823.09FU" 27 49 55 11 92 76 75 155 55 5 0 11 72 41 57 30
"SH1304171.09FU" 0 0 0 3 10 0 0 0 0 0 0 0 0 0 3 0
"SH1305336.09FU" 0 0 34 4 0 0 0 0 4 0 8 46 0 1 19 17
"SH1305340.09FU" 0 0 0 0 0 0 0 0 0 0 0 0 0 0 0 2
"SH1305385.09FU" 0 0 0 0 15 0 3 5 0 3 0 0 0 4 12 0
"SH1305391.09FU" 0 0 0 0 0 0 4 0 0 0 3 0 7 0 3 0
"SH1305394.09FU" 0 0 0 4 0 0 0 0 0 0 0 0 0 0 0 0
"SH1305395.09FU" 0 0 0 0 0 0 0 2 0 0 0 0 0 0 0 0
"SH1305396.09FU" 29 19 1 0 36 23 38 9 6 6 4 10 7 2 15 11
"SH1305406.09FU" 0 0 0 0 0 0 0 0 0 0 0 0 0 0 0 3
"SH1306036.09FU" 1 6 0 0 0 0 0 0 0 0 0 0 0 0 0 0
"SH1306523.09FU" 0 0 0 0 0 6 1 4 7 0 0 0 0 5 41 5
"SH1306568.09FU" 0 1 0 0 6 0 0 0 1 0 0 0 2 0 0 5
"SH1306597.09FU" 0 2 0 1 0 0 0 0 10 0 0 0 0 0 0 5
"SH1308148.09FU" 0 0 1 1 0 0 0 23 0 0 0 0 3 0 0 10
"SH1308162.09FU" 0 0 0 0 0 0 0 0 0 0 0 0 0 3 0 0
"SH1308392.09FU" 0 0 0 0 0 0 0 0 0 0 0 0 3 0 0 0
"SH1308525.09FU" 0 0 0 0 0 0 0 0 0 0 0 0 0 1 0 1
"SH1309797.09FU" 1 0 0 1 0 0 0 0 2 4 7 20 7 2 55 21
"SH1309842.09FU" 30 0 0 18 0 0 0 36 0 0 1 0 0 1 3 10
"SH1309895.09FU" 0 0 0 1 0 0 0 0 0 0 0 0 1 1 0 1
"SH1309940.09FU" 0 1 3 0 7 41 21 13 1 6 3 4 4 1 17 11
"SH1310024.09FU" 0 0 0 0 0 0 0 0 0 0 0 0 0 2 0 0
"SH1317092.09FU" 11 0 3 17 8 0 17 0 19 9 11 7 0 2 0 0
"SH1317225.09FU" 0 0 0 1 11 3 0 0 2 0 5 1 0 1 0 7
"SH1319395.09FU" 1 6 0 0 0 0 4 0 0 0 1 0 0 0 0 0
"SH1319849.09FU" 23 0 0 1 0 0 0 0 0 0 0 0 0 0 0 0
"SH1320419.09FU" 0 0 25 0 0 0 0 0 0 0 0 0 0 0 0 0
"SH1320976.09FU" 0 0 0 0 0 0 0 0 26 0 0 0 0 0 0 0
"SH1322839.09FU" 1 14 18 12 15 0 7 7 0 0 18 40 0 0 15 23
"SH1323076.09FU" 0 0 0 0 0 0 1 1 0 0 0 0 0 1 1 0
"SH1324053.09FU" 0 0 0 0 0 0 0 3 0 1 0 1 7 0 1 18
"SH1325044.09FU" 0 0 0 2 0 0 0 0 0 0 0 0 0 0 0 0
"SH1327938.09FU" 0 0 0 0 13 0 0 0 0 0 0 0 23 0 3 0
"SH1331108.09FU" 0 0 0 1 0 0 0 0 0 0 0 14 0 1 0 0
"SH1331730.09FU" 0 0 2 3 0 0 0 0 3 17 1 22 0 0 0 0
"SH1331862.09FU" 0 0 0 5 10 0 0 1 0 4 0 0 0 0 0 0
"SH1334237.09FU" 2684 3664 2597 4290 5197 3758 5303 4022 2877 3738 3464 4269 3069 2657 3248 3125
"SH1341378.09FU" 0 12 0 0 0 0 0 0 0 0 0 0 0 0 0 0
"SH1342049.09FU" 0 0 0 0 0 0 3 1 0 2 0 0 0 0 0 3
"SH1342384.09FU" 0 0 0 0 0 0 0 0 0 0 0 0 0 0 0 2
"SH1343416.09FU" 0 0 2 0 3 0 0 0 0 0 0 0 0 0 1 0
"SH1345747.09FU" 257 289 128 305 366 458 355 261 395 149 130 1414 417 241 247 269
"SH1346449.09FU" 1 0 0 5 4 17 1 0 9 5 4 0 0 0 1 4
"SH1348718.09FU" 29 65 9 49 36 39 27 11 5 27 16 30 15 24 43 17
"SH1367426.09FU" 1 0 3 1 0 0 1 0 0 2 34 30 0 24 42 8
"SH1388556.09FU" 0 0 0 0 10 0 0 0 0 0 0 0 0 0 1 0
"SH1389554.09FU" 14 51 29 36 41 47 0 11 170 34 36 40 10 23 33 9
"SH1389558.09FU" 19 54 50 32 22 36 1 8 97 31 45 41 0 14 14 22
"SH1393505.09FU" 2 7 3 36 1 1 7 13 2 30 27 29 0 3 8 7
"SH1402658.09FU" 0 0 0 0 17 0 16 1 7 4 5 5 0 0 0 3
"SH1437833.09FU" 0 0 2 0 0 13 18 14 77 45 39 18 1 0 2 3
"SH1443094.09FU" 0 0 0 0 16 0 0 0 0 5 0 0 0 0 0 0
"SH1451459.09FU" 2 0 0 0 7 35 7 0 0 1 0 103 3 0 6 10
"SH1451597.09FU" 15 23 42 32 223 205 127 184 23 36 146 51 83 75 83 106
"SH1456468.09FU" 19 10 23 58 17 1 8 16 12 21 70 68 10 0 2 108
"SH1462812.09FU" 3 11 65 0 1 0 0 0 0 0 0 0 0 0 0 0
"SH1463760.09FU" 2 5 0 13 1 4 0 10 0 13 5 4 10 0 9 11
"SH1477560.09FU" 30 83 45 35 28 14 16 10 39 41 21 27 9 2 6 7
"SH1478004.09FU" 0 0 0 0 0 0 0 0 0 0 0 0 3 0 0 0
"SH1478760.09FU" 0 1 0 0 1 0 0 0 0 0 0 0 0 0 0 0
"SH1486987.09FU" 0 0 0 12 7 0 0 10 0 13 20 8 0 0 0 5
"SH1487073.09FU" 2199 14252 6052 5719 10117 10955 11429 6222 10891 6746 15459 13570 18539 8529 8699 10464
"SH1487282.09FU" 2 1 2 0 116 9 13 12 0 1 0 0 1 21 15 2
"SH1487787.09FU" 7 8 6 13 16 4 5 11 17 14 1 102 2 18 2 1
"SH1488323.09FU" 1 14 2 0 65 53 136 168 257 64 17 7 44 28 129 175
"SH1490962.09FU" 0 0 0 0 0 0 0 0 0 0 0 0 0 0 5 0
"SH1500649.09FU" 27 23 42 75 480 527 695 593 17 54 21 118 480 408 417 526
"SH1539345.09FU" 21 5 0 0 0 7 0 0 30 21 0 167 0 2 3 101
"SH1539350.09FU" 0 0 0 0 5 0 0 0 0 0 0 0 0 0 0 0
"SH1539459.09FU" 0 0 2 0 0 2 6 5 8 9 3 34 1 4 2 1
"SH1554215.09FU" 0 0 0 0 0 0 0 11 0 0 0 0 0 0 5 0
"SH1580078.09FU" 0 0 0 0 16 0 0 0 0 0 0 0 0 0 0 0
"SH1655668.09FU" 21 32 10 25 9 4 5 5 27 2 0 16 0 5 2 8
"SH1676560.09FU" 1 0 0 0 0 0 0 0 0 0 0 0 0 0 0 0
"SH1679233.09FU" 0 0 0 0 0 0 8 0 0 0 0 0 0 0 0 0
"SH1681887.09FU" 1 3 19 16 28 132 0 0 2 0 22 23 0 0 0 0
"SH1681891.09FU" 0 0 0 0 0 0 0 0 0 0 1 0 0 0 0 0
"SH1681939.09FU" 0 4 4 1 0 1 0 0 4 2 0 5 0 8 8 0
"SH1706155.09FU" 0 0 0 0 11 0 0 0 1 0 0 0 0 0 0 0
"SH1711253.09FU" 0 8 0 0 0 0 0 0 0 0 0 0 0 0 0 0
"SH1711884.09FU" 0 0 1 0 0 0 0 0 0 0 0 0 0 0 0 0
"SH1719835.09FU" 1 11 1 0 6 18 21 10 1 15 9 0 0 47 6 12
"SH1748377.09FU" 8 5 19 43 0 0 5 3 2 16 14 13 149 0 2 6
"SH1785536.09FU" 0 0 1 0 0 0 11 0 4 0 0 1 0 0 0 0
"SH1827129.09FU" 0 0 0 0 0 0 0 0 0 9 0 0 0 0 0 0
"SH1827462.09FU" 0 5 0 0 0 0 0 0 0 1 0 0 0 0 0 0
"SH1851344.09FU" 0 0 0 0 0 0 0 0 0 0 0 0 0 0 0 2
"SH1871410.09FU" 0 0 0 0 0 0 0 0 0 5 0 0 0 0 0 0
"SH1885892.09FU" 0 0 0 0 0 0 0 3 0 0 0 0 0 0 0 0
"SH1901885.09FU" 0 0 0 0 0 0 0 0 1 3 1 0 0 0 0 8
"SH1901964.09FU" 1 16 3 0 10 1 5 0 4 3 9 2 11 0 3 5
"SH1902031.09FU" 0 0 3 8 1 0 0 0 12 0 0 0 0 1 36 60
"SH1911645.09FU" 0 0 1 4 0 1 0 1 6 0 7 0 0 0 0 6
"SH1914544.09FU" 0 0 0 0 0 0 0 8 0 0 0 0 0 0 0 0
"SH1936628.09FU" 0 0 0 0 0 0 0 0 0 0 0 0 0 0 1 0
"SH1945221.09FU" 2 0 0 0 0 0 0 0 0 0 0 0 0 0 0 0
"SH1953586.09FU" 0 0 1 0 15 0 11 1 0 0 1 0 18 29 61 26
"SH2006307.09FU" 24 18 13 25 1 0 35 4 10 9 14 14 6 10 57 20
"SH2006560.09FU" 0 0 0 0 0 0 0 0 0 3 0 0 0 0 2 0
"SH2006624.09FU" 1 0 0 7 4 11 1 0 0 2 0 0 0 1 0 10
"SH2019764.09FU" 0 0 0 0 7 0 0 5 0 1 0 0 0 0 5 5
"SH2051945.09FU" 0 0 0 0 0 5 0 0 0 0 0 0 0 0 0 0
"SH2062223.09FU" 0 0 1 0 0 0 0 0 0 0 0 0 0 0 0 0
"SH2062555.09FU" 386 795 783 1082 1425 6738 2456 8858 282 747 156 572 1554 15150 1573 1607
"SH2067741.09FU" 16 34 41 101 66 51 27 9 20 21 47 36 21 31 21 13
"SH2067774.09FU" 0 0 0 0 0 0 0 5 0 0 0 0 0 0 0 0
"SH2075765.09FU" 114 159 101 101 100 55 229 79 89 88 42 54 132 37 85 125
"SH2086471.09FU" 0 0 0 0 0 0 0 0 0 0 0 4 0 0 0 0
"SH2086585.09FU" 0 0 8 14 0 0 0 0 0 0 0 1 0 0 0 1
"SH2088875.09FU" 4 4 0 8 53 2 3 220 1 0 0 5 0 1 0 2
"SH2098607.09FU" 0 0 0 0 0 0 0 0 0 0 0 0 3 0 0 0
"SH2100630.09FU" 0 0 0 20 0 0 0 0 0 4 0 0 0 0 0 0
"SH2138219.09FU" 0 0 0 0 0 0 0 0 0 0 0 0 0 0 0 3
"SH2142531.09FU" 4 2 1 7 6 11 9 8 5 3 4 4 6 1 0 3
"SH2142874.09FU" 1 1 0 1 45 61 71 74 34 36 87 12 0 14 31 25
"SH2144979.09FU" 1 2 1 0 1 2 2 0 5 0 3 0 0 0 4 0
"SH2145427.09FU" 249 403 570 731 926 1275 1207 1231 997 1076 1280 1254 619 302 1091 449
"SH2147492.09FU" 0 0 0 0 0 2 7 24 28 0 8 0 0 5 9 0
"SH2151412.09FU" 0 0 0 0 0 4 0 0 0 0 0 0 0 9 19 0
"SH2154304.09FU" 0 1 0 0 0 0 0 0 0 0 0 0 0 0 0 0
"SH2156333.09FU" 3 0 0 6 0 5 4 2 1 0 0 1 0 0 0 1
"SH2159568.09FU" 0 0 0 0 2 0 0 0 0 0 0 0 1 0 3 0
"SH2162386.09FU" 1383 2025 954 1095 2188 4052 2322 1824 990 506 663 978 2477 1674 1378 1648
"SH2164564.09FU" 0 0 0 1 0 0 0 0 4 0 0 0 0 0 41 0
"SH2164983.09FU" 0 0 0 0 0 0 0 8 0 0 0 0 0 0 0 0
"SH2256892.09FU" 0 0 0 0 0 1 0 0 0 0 0 0 0 0 0 0
"SH2286027.09FU" 0 0 0 0 0 0 0 5 0 0 0 0 0 2 0 0
"SH2340005.09FU" 28 247 19 76 154 192 2 67 73 1732 28 20 43 64 23 7
"SH2441642.09FU" 0 0 6 7 0 0 0 2 0 0 0 3 2 0 0 0
"SH2495520.09FU" 1568 2441 1926 3163 2945 2201 2981 2804 3041 2633 1486 2319 1882 1656 1853 1846
"SH2495621.09FU" 0 0 0 0 0 0 0 0 0 0 0 5 0 0 0 0
"SH2499590.09FU" 0 7 0 0 0 0 0 1 0 0 0 0 5 1 1 0
"SH2500109.09FU" 0 0 0 0 0 0 0 0 0 0 0 0 3 0 0 0
"SH2500732.09FU" 0 0 0 0 0 0 0 0 0 0 0 0 0 1 0 0
"SH2536979.09FU" 0 0 0 2 0 0 0 0 0 0 0 0 0 0 0 0
"SH2537158.09FU" 1 0 0 0 0 0 0 0 0 0 0 0 0 0 0 0
"SH2540039.09FU" 0 0 0 0 0 0 8 0 0 0 0 0 0 0 0 0
"SH2575709.09FU" 93239 29924 42284 30063 8535 13745 14131 4524 3863 11510 11438 10895 8105 5326 9909 6095
"SH2578853.09FU" 2 0 0 0 0 0 0 0 0 0 0 0 0 0 0 0
"SH2611642.09FU" 0 0 0 0 1 1 5 5 0 0 0 0 2 1 8 1
"SH2612111.09FU" 14 27 20 9 12 122 6 36 125 114 459 440 0 6 1 5
"SH2613324.09FU" 0 0 0 0 0 0 0 0 0 1 1 0 0 0 1 0
"SH2613775.09FU" 0 0 0 0 0 0 0 0 7 0 0 0 0 0 0 0
"SH2614173.09FU" 0 0 0 0 0 0 0 0 1 1 0 0 0 0 0 0
"SH2614519.09FU" 193 329 123 383 163 66 262 87 785 500 200 436 72 43 64 65
"SH2616000.09FU" 150 324 238 468 2648 2008 6090 1468 130 406 325 372 4194 1313 2364 1942
"SH2616631.09FU" 1 6 1 0 3 0 0 3 0 0 0 0 0 2 0 0
"SH2616920.09FU" 143 351 133 268 424 1217 372 374 166 149 220 113 169 218 630 353
"SH2637952.09FU" 2 47 34 3 63 67 102 10 201 11 19 72 69 86 130 64
"SH2726606.09FU" 7 3 44 19 8 6 5 25 89 109 77 43 23 5 63 53
"SH2736155.09FU" 0 0 10 24 0 0 0 6 2 6 3 20 2 0 0 0
"SH2737411.09FU" 0 1 2 2 0 0 1 0 1 1 1 2 0 1 0 4
"SH2737882.09FU" 244 885 269 428 252 152 422 287 335 395 286 378 181 266 399 458
"SH2739547.09FU" 0 0 0 0 1 0 1 0 0 0 2 0 0 0 0 0
"SH2786046.09FU" 1 1 5 2 26 9 93 72 10 13 6 1 2 5 22 26
"SH2789239.09FU" 0 0 0 1 0 0 0 0 0 0 1 0 0 0 0 0
"SH2897317.09FU" 0 0 1 0 0 0 0 0 0 0 1 0 0 0 0 0
"SH2907477.09FU" 0 0 0 0 0 0 0 0 0 0 0 0 0 1 0 0
"SH2972051.09FU" 95 24 71 149 147 66 602 719 85 72 241 133 124 100 204 527
"SH3077309.09FU" 0 0 3 5 0 0 5 0 0 0 0 0 1 0 0 0
"SH3082323.09FU" 0 0 0 0 0 0 0 0 1 0 0 0 0 0 0 0
"SH3106886.09FU" 23 38 33 21 3 22 68 40 2 96 19 2 45 59 82 45
"SH3106923.09FU" 1 0 0 2 5 4 4 6 0 1 0 4 8 10 11 3
"SH3109910.09FU" 16 26 25 102 16 29 3 15 10 56 16 41 6 6 8 20
"SH3135923.09FU" 0 0 0 0 0 0 0 0 3 1 5 12 0 0 0 0
"SH3136163.09FU" 0 0 0 0 0 0 0 1 0 0 0 0 0 0 0 0
"SH3145738.09FU" 6 1 7 22 56 53 30 39 0 0 14 15 31 31 36 9
"SH3146640.09FU" 0 0 0 0 0 0 0 16 0 0 0 0 0 0 0 0
"SH3152738.09FU" 421 854 1026 911 1315 622 1830 1575 809 1037 1248 1321 805 922 1160 1136
"SH3159528.09FU" 0 0 0 1 0 0 0 0 0 0 0 0 0 0 0 0
"SH3170534.09FU" 183 251 293 414 1655 1783 1330 2303 135 272 493 1198 739 463 652 615
"SH3177378.09FU" 10 44 21 7 47 58 57 96 56 95 93 43 40 54 37 57
"SH3177798.09FU" 27 22 44 29 246 101 456 235 41 43 36 67 224 312 235 367
"SH3187143.09FU" 0 0 0 0 0 0 0 0 0 4 0 0 4 1 0 0
"SH3188498.09FU" 0 0 0 9 0 0 0 2 0 0 5 0 0 0 0 0
"SH3190031.09FU" 213 171 167 335 216 108 324 558 688 1363 685 984 100 152 204 331
"SH3195171.09FU" 0 10 0 18 0 8 2 0 2 2 0 10 5 7 0 2
"SH3212667.09FU" 3 14 11 46 6 3 0 3 0 5 2 1 12 10 3 3
"SH3213518.09FU" 2 0 0 0 0 0 0 0 0 0 0 0 0 0 0 0
"SH3213999.09FU" 0 0 0 0 0 0 0 0 0 0 0 0 0 0 0 11
"SH3229235.09FU" 22 0 0 0 27 40 23 82 25 0 4 0 23 20 32 158
"SH3245424.09FU" 0 0 0 0 0 0 0 3 0 0 0 0 0 0 0 0
"SH3745920.09FU" 0 0 0 0 0 0 0 5 0 0 0 0 0 0 0 0
"SH3754706.09FU" 1 0 0 0 0 0 0 0 0 4 0 0 0 1 0 0
"SH3798314.09FU" 0 0 1 1 0 0 3 0 0 0 7 9 0 0 9 0
"SH3826481.09FU" 0 0 0 0 0 0 0 0 0 0 0 0 0 0 1 0
"SH3837110.09FU" 0 0 0 0 0 0 0 0 0 0 1 0 0 0 0 0
"SH3839582.09FU" 36 156 83 190 83 69 96 122 50 51 82 82 142 78 65 97
"SH3899237.09FU" 0 0 3 0 0 0 0 0 0 0 0 0 0 0 0 0
"SH3899856.09FU" 0 0 0 0 0 0 0 0 0 0 0 0 1 4 0 0
"SH3916676.09FU" 0 11 23 5 0 0 0 0 0 0 0 0 0 0 4 0
"SH3920575.09FU" 352 395 698 1030 516 254 799 756 874 1338 1012 678 267 268 435 596
"SH3926352.09FU" 11 24 16 35 34 17 33 49 700 170 174 121 11 20 24 53
"SH4059696.09FU" 0 1 0 0 0 0 0 0 0 1 0 0 2 0 1 0
"SH4086062.09FU" 0 0 0 0 0 0 0 0 0 0 0 1 0 0 0 0
"SH4151653.09FU" 11 2 176 12 7 1 100 8 3 0 10 8 81 53 240 552
"SH4201667.09FU" 0 0 0 0 0 0 0 0 6 0 0 0 0 0 0 0
"SH4205205.09FU" 0 0 0 0 0 0 0 0 0 0 0 0 0 5 0 0
"SH4234067.09FU" 313 340 393 503 539 442 410 323 543 455 285 342 472 476 273 353
"SH4240108.09FU" 0 0 0 0 0 0 0 0 0 0 0 0 0 0 1 0
"SH4240338.09FU" 0 0 0 0 0 0 0 0 0 5 6 5 0 0 0 0
"SH4240470.09FU" 6 24 10 13 18 16 32 29 0 0 0 0 38 25 25 20
"SH4241907.09FU" 0 0 0 0 0 1 0 0 0 0 0 0 0 0 0 1
"SH4242394.09FU" 3 0 1 9 40 8 3 0 0 16 15 7 7 42 3 0
"SH4242806.09FU" 32 192 15 37 0 0 0 5 10 131 4 1 7 33 0 20
"SH4314954.09FU" 0 0 0 0 0 0 0 0 0 3 0 0 0 0 0 0
"SH4321377.09FU" 0 0 3 0 0 2 199 2 0 3 0 7 0 0 0 13
"SH4321913.09FU" 0 0 0 0 0 0 0 0 4 2 0 0 1 0 0 0
"SH4323089.09FU" 1 0 0 0 0 0 0 0 0 0 1 0 0 0 0 0
"SH4358594.09FU" 0 0 0 0 1 0 0 3 0 0 0 5 0 0 0 0
"SH4359434.09FU" 0 0 0 0 0 0 0 0 0 0 0 0 1 0 2 0
"SH4360035.09FU" 0 1 0 0 0 0 0 0 0 0 0 0 0 0 0 0
"SH4360527.09FU" 0 0 0 0 0 0 1 0 0 1 0 0 0 0 0 0
